Time	value_on_device_(l/h)_Ar        	value_in_program_(l/h)_Ar        	Gas_consumption_(l)_Ar        	Temperature_(C)_Ar        	value_on_device_(l/h)_CO2       	value_in_program_(l/h)_CO2       	Gas_consumption_(l)_CO2       	Temperature_(C)_CO2       
18:42:09	0.0	35.612	0.0	28.167	0.0	36.678	0.0	26.716
18:42:25	0.0	44.516	0.0	28.165	0.0	36.678	0.0	26.739
18:42:40	0.0	44.516	0.0	28.142	0.0	36.678	0.0	26.719
18:42:56	0.0	44.516	0.0	28.153	0.0	36.678	0.0	26.71
18:44:53	0.0	26.709	0.0	26.765	0.0	23.887	0.0	28.157
18:45:56	0.0	29.343	0.0	26.799	0.0	22.32	0.0	28.12
18:46:11	0.0	36.678	0.0	26.804	0.0	55.8	0.0	28.084
18:46:27	0.0	36.678	0.0	26.813	0.0	55.8	0.0	28.089
18:46:42	0.0	36.678	0.0	26.847	9.948	55.8	0.028	28.062
18:47:01	0.0	36.678	0.0	26.857	0.0	55.8	0.028	28.052
18:47:20	0.0	36.678	0.0	26.899	0.0	55.8	0.028	28.052
18:47:39	0.0	36.678	0.0	26.942	0.017	55.8	0.028	27.711
18:47:55	0.0	36.678	0.0	26.952	8.857	55.8	0.052	27.805
18:48:10	0.0	36.678	0.0	26.989	0.0	55.8	0.052	27.802
18:48:26	0.0	36.678	0.0	27.032	0.0	55.8	0.052	27.778
18:48:41	0.0	36.678	0.0	27.046	0.0	55.8	0.052	27.759
18:48:57	0.0	36.678	0.0	27.07	0.0	55.8	0.052	27.765
18:49:12	0.0	36.678	0.0	27.058	0.0	55.8	0.052	27.753
18:49:27	0.0	36.678	0.0	27.11	0.0	55.8	0.052	27.721
18:49:43	0.0	36.678	0.0	27.13	0.0	55.8	0.052	27.701
18:49:58	0.0	36.678	0.0	27.152	0.0	55.8	0.052	27.709
18:50:14	0.0	36.678	0.0	27.185	0.0	55.8	0.052	27.698
18:50:29	0.0	36.678	0.0	27.211	0.0	55.8	0.052	27.703
18:50:44	0.0	36.678	0.0	27.259	0.0	55.8	0.052	27.71
18:51:03	0.0	36.678	0.0	24.678	0.0	55.8	0.052	27.701
18:51:18	0.0	21.254	0.0	27.3	0.0	34.609	0.052	27.712
18:51:34	0.0	4.075	0.0	27.339	0.0	2.822	0.052	27.71
18:51:49	0.0	4.075	0.0	27.342	0.0	2.822	0.052	27.714
18:52:04	0.0	4.075	0.0	27.359	0.0	2.822	0.052	27.674
18:52:20	0.0	4.075	0.0	27.368	0.0	2.822	0.052	27.705
18:52:36	0.0	4.075	0.0	27.386	0.0	2.822	0.052	27.723
18:52:52	0.0	4.075	0.0	27.377	0.0	2.822	0.052	27.723
18:53:07	0.0	4.075	0.0	27.419	0.0	2.822	0.052	27.703
18:53:23	0.0	4.075	0.0	27.413	0.0	2.822	0.052	27.73
18:53:38	0.0	4.075	0.0	27.417	0.0	2.822	0.052	27.722
18:53:54	0.0	4.075	0.0	27.472	0.0	2.822	0.052	27.744
18:54:10	0.0	4.075	0.0	27.48	0.0	2.822	0.052	27.754
18:54:26	0.0	4.075	0.0	27.485	0.0	2.822	0.052	27.75
18:54:41	0.0	4.075	0.0	27.553	0.0	2.822	0.052	27.774
18:54:57	0.0	4.075	0.0	27.562	0.0	2.822	0.052	27.793
18:55:13	0.0	4.075	0.0	27.6	0.0	2.822	0.052	27.855
18:55:28	0.0	4.075	0.0	27.659	0.0	2.822	0.052	27.86
18:55:44	0.0	4.075	0.0	27.681	0.0	2.822	0.052	27.877
18:55:59	0.0	4.075	0.0	27.682	0.0	2.822	0.052	27.917
18:56:15	0.0	4.075	0.0	27.682	0.0	2.822	0.052	27.963
18:56:30	0.0	4.075	0.0	27.733	0.0	2.822	0.052	27.963
18:56:46	0.0	4.075	0.0	27.772	0.0	2.822	0.052	28.006
18:57:01	0.0	4.075	0.0	27.785	0.0	2.822	0.052	28.015
18:57:17	0.0	4.075	0.0	27.846	0.0	2.822	0.052	28.06
18:57:32	0.0	4.075	0.0	27.888	0.0	2.822	0.052	28.073
18:57:48	0.0	4.075	0.0	27.903	0.0	2.822	0.052	28.143
18:58:03	0.0	4.075	0.0	27.938	0.0	2.822	0.052	28.186
18:58:19	0.0	4.075	0.0	27.975	0.0	2.822	0.052	28.208
18:58:35	0.0	4.075	0.0	27.989	0.0	2.822	0.052	28.207
18:58:50	0.0	4.075	0.0	28.016	0.0	2.822	0.052	28.282
18:59:05	0.0	4.075	0.0	28.082	0.0	2.822	0.052	28.313
18:59:21	0.0	4.075	0.0	28.095	0.0	2.822	0.052	28.338
18:59:37	0.0	4.075	0.0	28.143	0.0	2.822	0.052	28.371
18:59:53	0.0	4.075	0.0	28.175	0.0	2.822	0.052	28.419
19:00:08	0.0	4.075	0.0	28.233	0.0	2.822	0.052	28.451
19:00:24	0.0	4.075	0.0	28.267	0.0	2.822	0.052	28.507
19:00:39	0.0	4.075	0.0	28.276	0.0	2.822	0.052	28.541
19:00:54	0.0	4.075	0.0	28.323	0.0	2.822	0.052	28.561
19:01:10	0.0	4.075	0.0	28.36	0.0	2.822	0.052	28.596
19:01:26	0.0	4.075	0.0	28.385	0.0	2.822	0.052	28.642
19:01:42	0.0	4.075	0.0	28.438	0.0	2.822	0.052	28.674
19:01:57	0.0	4.075	0.0	28.467	0.0	2.822	0.052	28.741
19:02:13	0.0	4.075	0.0	28.517	0.0	2.822	0.052	28.769
19:02:29	0.0	4.075	0.0	28.538	0.0	2.822	0.052	28.801
19:02:44	0.0	4.075	0.0	28.548	0.0	2.822	0.052	28.849
19:03:00	0.0	4.075	0.0	28.594	0.0	2.822	0.052	28.859
19:03:16	0.0	4.075	0.0	28.633	0.0	2.822	0.052	28.911
19:03:32	0.0	4.075	0.0	28.656	0.0	2.822	0.052	28.922
19:03:47	0.0	4.075	0.0	28.706	0.0	2.822	0.052	28.958
19:04:03	0.0	4.075	0.0	28.763	0.0	2.822	0.052	29.018
19:04:18	0.0	4.075	0.0	28.791	0.0	2.822	0.052	29.054
19:04:34	0.0	4.075	0.0	28.828	0.0	2.822	0.052	29.099
19:04:49	0.0	4.075	0.0	28.863	0.0	2.822	0.052	29.126
19:05:05	0.0	4.075	0.0	28.869	0.0	2.822	0.052	29.16
19:05:20	0.0	4.075	0.0	28.899	0.0	2.822	0.052	29.181
19:05:35	0.0	4.075	0.0	28.946	0.0	2.822	0.052	29.252
19:05:51	0.0	4.075	0.0	29.008	0.0	2.822	0.052	29.279
19:06:07	0.0	4.075	0.0	29.02	0.0	2.822	0.052	29.316
19:06:22	0.0	4.075	0.0	29.073	0.0	2.822	0.052	29.357
19:06:38	0.0	4.075	0.0	29.091	0.0	2.822	0.052	29.373
19:06:54	0.0	4.075	0.0	29.14	0.0	2.822	0.052	29.417
19:07:10	0.0	4.075	0.0	29.129	0.0	2.822	0.052	29.442
19:07:26	0.0	4.075	0.0	29.166	0.0	2.822	0.052	29.476
19:07:41	0.0	4.075	0.0	29.196	0.0	2.822	0.052	29.515
19:07:56	0.0	4.075	0.0	29.217	0.0	2.822	0.052	29.543
19:08:12	0.0	4.075	0.0	29.242	0.0	2.822	0.052	29.584
19:08:27	0.0	4.075	0.0	29.3	0.0	2.822	0.052	29.616
19:08:42	0.0	4.075	0.0	29.352	0.0	2.822	0.052	29.661
19:08:58	0.0	4.075	0.0	29.376	0.0	2.822	0.052	29.691
19:09:14	0.0	4.075	0.0	29.413	0.0	2.822	0.052	29.718
19:09:29	0.0	4.075	0.0	29.439	0.0	2.822	0.052	29.748
19:09:45	0.0	4.075	0.0	29.453	0.0	2.822	0.052	29.799
19:10:00	0.0	4.075	0.0	29.447	0.0	2.822	0.052	29.807
19:10:16	0.0	4.075	0.0	29.514	0.0	2.822	0.052	29.862
19:10:32	0.0	4.075	0.0	29.516	0.0	2.822	0.052	29.893
19:10:47	0.0	4.075	0.0	29.566	0.0	2.822	0.052	29.917
19:11:03	0.0	4.075	0.0	29.602	0.0	2.822	0.052	29.953
19:11:19	0.0	4.075	0.0	29.655	0.0	2.822	0.052	29.984
19:11:34	0.0	4.075	0.0	29.673	0.0	2.822	0.052	30.039
19:11:50	0.0	4.075	0.0	29.705	0.0	2.822	0.052	30.068
19:12:05	0.0	4.075	0.0	29.724	0.0	2.822	0.052	30.095
19:12:20	0.0	4.075	0.0	29.751	0.0	2.822	0.052	30.111
19:12:36	0.0	4.075	0.0	29.767	0.0	2.822	0.052	30.145
19:12:51	0.0	4.075	0.0	29.798	0.0	2.822	0.052	30.16
19:13:07	0.0	4.075	0.0	29.826	0.0	2.822	0.052	30.211
19:13:22	0.0	4.075	0.0	29.884	0.0	2.822	0.052	30.246
19:13:38	0.0	4.075	0.0	29.896	0.0	2.822	0.052	30.278
19:13:53	0.0	4.075	0.0	29.925	0.0	2.822	0.052	30.313
19:14:08	0.0	4.075	0.0	29.965	0.0	2.822	0.052	30.345
19:14:24	0.0	4.075	0.0	29.999	0.0	2.822	0.052	30.368
19:14:40	0.0	4.075	0.0	30.016	0.0	2.822	0.052	30.414
19:14:55	0.0	4.075	0.0	30.016	0.0	2.822	0.052	30.434
19:15:11	0.0	4.075	0.0	30.052	0.0	2.822	0.052	30.464
19:15:27	0.0	4.075	0.0	30.069	0.0	2.822	0.052	30.487
19:15:43	0.0	4.075	0.0	30.11	0.0	2.822	0.052	30.543
19:15:58	0.0	4.075	0.0	30.115	0.0	2.822	0.052	30.569
19:16:14	0.0	4.075	0.0	30.16	0.0	2.822	0.052	30.563
19:16:30	0.0	4.075	0.0	30.214	0.0	2.822	0.052	30.622
19:16:45	0.0	4.075	0.0	30.251	0.0	2.822	0.052	30.632
19:17:00	0.0	4.075	0.0	30.278	0.0	2.822	0.052	30.663
19:17:16	0.0	4.075	0.0	30.298	0.0	2.822	0.052	30.687
19:17:32	0.0	4.075	0.0	30.314	0.0	2.822	0.052	30.734
19:17:47	0.0	4.075	0.0	30.356	0.0	2.822	0.052	30.746
19:18:03	0.0	4.075	0.0	30.351	0.0	2.822	0.052	30.805
19:18:19	0.0	4.075	0.0	30.346	0.0	2.822	0.052	30.814
19:18:34	0.0	4.075	0.0	30.391	0.0	2.822	0.052	30.875
19:18:49	0.0	4.075	0.0	30.435	0.0	2.822	0.052	30.87
19:19:05	0.0	4.075	0.0	30.458	0.0	2.822	0.052	30.915
19:19:20	0.0	4.075	0.0	30.468	0.0	2.822	0.052	30.926
19:19:35	0.0	4.075	0.0	30.539	0.0	2.822	0.052	30.965
19:19:51	0.0	4.075	0.0	30.555	0.0	2.822	0.052	30.986
19:20:06	0.0	4.075	0.0	30.562	0.0	2.822	0.052	31.032
19:20:22	0.0	4.075	0.0	30.592	0.0	2.822	0.052	31.051
19:20:38	0.0	4.075	0.0	30.601	0.0	2.822	0.052	31.07
19:20:54	0.0	4.075	0.0	30.606	0.0	2.822	0.052	31.096
19:21:09	0.0	4.075	0.0	30.627	0.0	2.822	0.052	31.156
19:21:25	0.0	4.075	0.0	30.652	0.0	2.822	0.052	31.142
19:21:40	0.0	4.075	0.0	30.688	0.0	2.822	0.052	31.187
19:21:56	0.0	4.075	0.0	30.712	0.0	2.822	0.052	31.205
19:22:12	0.0	4.075	0.0	30.727	0.0	2.822	0.052	31.209
19:22:28	0.0	4.075	0.0	30.76	0.0	2.822	0.052	31.23
19:22:43	0.0	4.075	0.0	30.788	0.0	2.822	0.052	31.28
19:22:59	0.0	4.075	0.0	30.817	0.0	2.822	0.052	31.281
19:23:15	0.0	4.075	0.0	30.85	0.0	2.822	0.052	31.288
19:23:30	0.0	4.075	0.0	30.894	0.0	2.822	0.052	31.331
19:23:46	0.0	4.075	0.0	30.897	0.0	2.822	0.052	31.371
19:24:01	0.0	4.075	0.0	30.905	0.0	2.822	0.052	31.375
19:24:17	0.0	4.075	0.0	30.912	0.0	2.822	0.052	31.396
19:24:32	0.0	4.075	0.0	30.944	0.0	2.822	0.052	31.456
19:24:48	0.0	4.075	0.0	30.934	0.0	2.822	0.052	31.476
19:25:04	0.0	4.075	0.0	30.947	0.0	2.822	0.052	31.492
19:25:19	0.0	4.075	0.0	30.999	0.0	2.822	0.052	31.518
19:25:35	0.0	4.075	0.0	31.021	0.0	2.822	0.052	31.54
19:25:50	0.0	4.075	0.0	31.03	0.0	2.822	0.052	31.572
19:26:06	0.0	4.075	0.0	31.058	0.0	2.822	0.052	31.592
19:26:21	0.0	4.075	0.0	31.101	0.0	2.822	0.052	31.599
19:26:37	0.0	4.075	0.0	31.135	0.0	2.822	0.052	31.623
19:26:53	0.0	4.075	0.0	31.144	0.0	2.822	0.052	31.641
19:27:09	0.0	4.075	0.0	31.195	0.0	2.822	0.052	31.689
19:27:24	0.0	4.075	0.0	31.171	0.0	2.822	0.052	31.715
19:27:39	0.0	4.075	0.0	31.174	0.0	2.822	0.052	31.737
19:27:55	0.0	4.075	0.0	31.204	0.0	2.822	0.052	31.752
19:28:10	0.0	4.075	0.0	31.209	0.0	2.822	0.052	31.779
19:28:26	0.0	4.075	0.0	31.218	0.0	2.822	0.052	31.781
19:28:41	0.0	4.075	0.0	31.241	0.0	2.822	0.052	31.826
19:28:57	0.0	4.075	0.0	31.233	0.0	2.822	0.052	31.867
19:29:13	0.0	4.075	0.0	31.3	0.0	2.822	0.052	31.873
19:29:28	0.0	4.075	0.0	31.313	0.0	2.822	0.052	31.904
19:29:44	0.0	4.075	0.0	31.325	0.0	2.822	0.052	31.938
19:29:59	0.0	4.075	0.0	31.353	0.0	2.822	0.052	31.993
19:30:15	0.0	4.075	0.0	31.37	0.0	2.822	0.052	31.973
19:30:31	0.0	4.075	0.0	31.403	0.0	2.822	0.052	32.003
19:30:46	0.0	4.075	0.0	31.436	0.0	2.822	0.052	32.03
19:31:02	0.0	4.075	0.0	31.423	0.0	2.822	0.052	32.063
19:31:17	0.0	4.075	0.0	31.474	0.0	2.822	0.052	32.079
19:31:33	0.0	4.075	0.0	31.472	0.0	2.822	0.052	32.091
19:31:49	0.0	4.075	0.0	31.485	0.0	2.822	0.052	32.11
19:32:04	0.0	4.075	0.0	31.5	0.0	2.822	0.052	32.122
19:32:20	0.0	4.075	0.0	31.502	0.0	2.822	0.052	32.154
19:32:36	0.0	4.075	0.0	31.51	0.0	2.822	0.052	32.18
19:32:51	0.0	4.075	0.0	31.527	0.0	2.822	0.052	32.204
19:33:07	0.0	4.075	0.0	31.51	0.0	2.822	0.052	32.205
19:33:23	0.0	4.075	0.0	31.551	0.0	2.822	0.052	32.225
19:33:38	0.0	4.075	0.0	31.57	0.0	2.822	0.052	32.254
19:33:54	0.0	4.075	0.0	31.598	0.0	2.822	0.052	32.256
19:34:09	0.0	4.075	0.0	31.591	0.0	2.822	0.052	32.277
19:34:25	0.0	4.075	0.0	31.612	0.0	2.822	0.052	32.306
19:34:41	0.0	4.075	0.0	31.656	0.0	2.822	0.052	32.32
19:34:56	0.0	4.075	0.0	31.667	0.0	2.822	0.052	32.339
19:35:12	0.0	4.075	0.0	31.684	0.0	2.822	0.052	32.331
19:35:28	0.0	4.075	0.0	31.7	0.0	2.822	0.052	32.361
19:35:43	0.0	4.075	0.0	31.703	0.0	2.822	0.052	32.378
19:35:59	0.0	4.075	0.0	31.728	0.0	2.822	0.052	32.398
19:36:15	0.0	4.075	0.0	31.754	0.0	2.822	0.052	32.415
19:36:30	0.0	4.075	0.0	31.759	0.0	2.822	0.052	32.445
19:36:46	0.0	4.075	0.0	31.777	0.0	2.822	0.052	32.445
19:37:02	0.0	4.075	0.0	31.768	0.0	2.822	0.052	32.44
19:37:17	0.0	4.075	0.0	31.785	0.0	2.822	0.052	32.484
19:37:32	0.0	4.075	0.0	31.799	0.0	2.822	0.052	32.474
19:37:48	0.0	4.075	0.0	31.802	0.0	2.822	0.052	32.503
19:38:03	0.0	4.075	0.0	31.798	0.0	2.822	0.052	32.501
19:38:19	0.0	4.075	0.0	31.827	0.0	2.822	0.052	32.526
19:38:34	0.0	4.075	0.0	31.84	0.0	2.822	0.052	32.565
19:38:50	0.0	4.075	0.0	31.868	0.0	2.822	0.052	32.556
19:39:05	0.0	4.075	0.0	31.881	0.0	2.822	0.052	32.574
19:39:21	0.0	4.075	0.0	31.873	0.0	2.822	0.052	32.604
19:39:36	0.0	4.075	0.0	31.886	0.0	2.822	0.052	32.63
19:39:52	0.0	4.075	0.0	31.894	0.0	2.822	0.052	32.653
19:40:08	0.0	4.075	0.0	31.943	0.0	2.822	0.052	32.64
19:40:23	0.0	4.075	0.0	31.969	0.0	2.822	0.052	32.661
19:40:38	0.0	4.075	0.0	31.95	0.0	2.822	0.052	32.692
19:40:54	0.0	4.075	0.0	31.971	0.0	2.822	0.052	32.705
19:41:10	0.0	4.075	0.0	31.994	0.0	2.822	0.052	32.695
19:41:25	0.0	4.075	0.0	32.021	0.0	2.822	0.052	32.724
19:41:41	0.0	4.075	0.0	32.026	0.0	2.822	0.052	32.739
19:41:56	0.0	4.075	0.0	32.058	0.0	2.822	0.052	32.748
19:42:12	0.0	4.075	0.0	32.07	0.0	2.822	0.052	32.766
19:42:28	0.0	4.075	0.0	32.092	0.0	2.822	0.052	32.756
19:42:43	0.0	4.075	0.0	32.083	0.0	2.822	0.052	32.772
19:42:59	0.0	4.075	0.0	32.063	0.0	2.822	0.052	32.806
19:43:15	0.0	4.075	0.0	32.085	0.0	2.822	0.052	32.81
19:43:30	0.0	4.075	0.0	32.088	0.0	2.822	0.052	32.843
19:43:46	0.0	4.075	0.0	32.107	0.0	2.822	0.052	32.861
19:44:02	0.0	4.075	0.0	32.122	0.0	2.822	0.052	32.882
19:44:17	0.0	4.075	0.0	32.118	0.0	2.822	0.052	32.892
19:44:33	0.0	4.075	0.0	32.127	0.0	2.822	0.052	32.881
19:44:48	0.0	4.075	0.0	32.166	0.0	2.822	0.052	32.886
19:45:04	0.0	4.075	0.0	32.155	0.0	2.822	0.052	32.93
19:45:20	0.0	4.075	0.0	32.176	0.0	2.822	0.052	32.92
19:45:35	0.0	4.075	0.0	32.188	0.0	2.822	0.052	32.959
19:45:51	0.0	4.075	0.0	32.215	0.0	2.822	0.052	32.96
19:46:07	0.0	4.075	0.0	32.22	0.0	2.822	0.052	32.978
19:46:23	0.0	4.075	0.0	32.22	0.0	2.822	0.052	32.996
19:46:38	0.0	4.075	0.0	32.259	0.0	2.822	0.052	33.01
19:46:54	0.0	4.075	0.0	32.253	0.0	2.822	0.052	33.006
19:47:09	0.0	4.075	0.0	32.278	0.0	2.822	0.052	33.031
19:47:25	0.0	4.075	0.0	32.334	0.0	2.822	0.052	33.027
19:47:40	0.0	4.075	0.0	32.339	0.0	2.822	0.052	33.055
19:47:56	0.0	4.075	0.0	32.364	0.0	2.822	0.052	33.056
19:48:11	0.0	4.075	0.0	32.351	0.0	2.822	0.052	33.055
19:48:26	0.0	4.075	0.0	32.368	0.0	2.822	0.052	33.094
19:48:42	0.0	4.075	0.0	32.369	0.0	2.822	0.052	33.109
19:48:58	0.0	4.075	0.0	32.395	0.0	2.822	0.052	33.09
19:49:13	0.0	4.075	0.0	32.391	0.0	2.822	0.052	33.144
19:49:29	0.0	4.075	0.0	32.402	0.0	2.822	0.052	33.132
19:49:45	0.0	4.075	0.0	32.405	0.0	2.822	0.052	33.139
19:50:00	0.0	4.075	0.0	32.401	0.0	2.822	0.052	33.185
19:50:16	0.0	4.075	0.0	32.394	0.0	2.822	0.052	33.191
19:50:32	0.0	4.075	0.0	32.43	0.0	2.822	0.052	33.19
19:50:47	0.0	4.075	0.0	32.433	0.0	2.822	0.052	33.195
19:51:03	0.0	4.075	0.0	32.441	0.0	2.822	0.052	33.231
19:51:19	0.0	4.075	0.0	32.451	0.0	2.822	0.052	33.227
19:51:35	0.0	4.075	0.0	32.48	0.0	2.822	0.052	33.254
19:51:50	0.0	4.075	0.0	32.483	0.0	2.822	0.052	33.264
19:52:05	0.0	4.075	0.0	32.499	0.0	2.822	0.052	33.27
19:52:21	0.0	4.075	0.0	32.511	0.0	2.822	0.052	33.276
19:52:36	0.0	4.075	0.0	32.536	0.0	2.822	0.052	33.308
19:52:52	0.0	4.075	0.0	32.56	0.0	2.822	0.052	33.33
19:53:08	0.0	4.075	0.0	32.551	0.0	2.822	0.052	33.328
19:53:23	0.0	4.075	0.0	32.585	0.0	2.822	0.052	33.332
19:53:39	0.0	4.075	0.0	32.575	0.0	2.822	0.052	33.365
19:53:54	0.0	4.075	0.0	32.608	0.0	2.822	0.052	33.349
19:54:10	0.0	4.075	0.0	32.644	0.0	2.822	0.052	33.362
19:54:25	0.0	4.075	0.0	32.613	0.0	2.822	0.052	33.374
19:54:41	0.0	4.075	0.0	32.629	0.0	2.822	0.052	33.402
19:54:57	0.0	4.075	0.0	32.665	0.0	2.822	0.052	33.395
19:55:12	0.0	4.075	0.0	32.66	0.0	2.822	0.052	33.392
19:55:28	0.0	4.075	0.0	32.678	0.0	2.822	0.052	33.413
19:55:44	0.0	4.075	0.0	32.675	0.0	2.822	0.052	33.426
19:55:59	0.0	4.075	0.0	32.667	0.0	2.822	0.052	33.469
19:56:15	0.0	4.075	0.0	32.673	0.0	2.822	0.052	33.45
19:56:30	0.0	4.075	0.0	32.7	0.0	2.822	0.052	33.475
19:56:46	0.0	4.075	0.0	32.693	0.0	2.822	0.052	33.495
19:57:02	0.0	4.075	0.0	32.706	0.0	2.822	0.052	33.501
19:57:17	0.0	4.075	0.0	32.699	0.0	2.822	0.052	33.527
19:57:33	0.0	4.075	0.0	32.698	0.0	2.822	0.052	33.543
19:57:48	0.0	4.075	0.0	32.725	0.0	2.822	0.052	33.522
19:58:04	0.0	4.075	0.0	32.733	0.0	2.822	0.052	33.554
19:58:20	0.0	4.075	0.0	32.738	0.0	2.822	0.052	33.515
19:58:35	0.0	4.075	0.0	32.756	0.0	2.822	0.052	33.566
19:58:51	0.0	4.075	0.0	32.774	0.0	2.822	0.052	33.573
19:59:06	0.0	4.075	0.0	32.766	0.0	2.822	0.052	33.565
19:59:22	0.0	4.075	0.0	32.78	0.0	2.822	0.052	33.571
19:59:37	0.0	4.075	0.0	32.783	0.0	2.822	0.052	33.589
19:59:53	0.0	4.075	0.0	32.804	0.0	2.822	0.052	33.588
20:00:08	0.0	4.075	0.0	32.83	0.0	2.822	0.052	33.603
20:00:24	0.0	4.075	0.0	32.813	0.0	2.822	0.052	33.617
20:00:39	0.0	4.075	0.0	32.84	0.0	2.822	0.052	33.623
20:00:55	0.0	4.075	0.0	32.849	0.0	2.822	0.052	33.625
20:01:11	0.0	4.075	0.0	32.865	0.0	2.822	0.052	33.649
20:01:26	0.0	4.075	0.0	32.865	0.0	2.822	0.052	33.651
20:01:42	0.0	4.075	0.0	32.871	0.0	2.822	0.052	33.662
20:01:57	0.0	4.075	0.0	32.871	0.0	2.822	0.052	33.665
20:02:13	0.0	4.075	0.0	32.881	0.0	2.822	0.052	33.689
20:02:29	0.0	4.075	0.0	32.883	0.0	2.822	0.052	33.681
20:02:45	0.0	4.075	0.0	32.913	0.0	2.822	0.052	33.697
20:03:00	0.0	4.075	0.0	32.924	0.0	2.822	0.052	33.69
20:03:15	0.0	4.075	0.0	32.906	0.0	2.822	0.052	33.702
20:03:31	0.0	4.075	0.0	32.93	0.0	2.822	0.052	33.717
20:03:46	0.0	4.075	0.0	32.942	0.0	2.822	0.052	33.713
20:04:02	0.0	4.075	0.0	32.945	0.0	2.822	0.052	33.753
20:04:17	0.0	4.075	0.0	32.958	0.0	2.822	0.052	33.762
20:04:33	0.0	4.075	0.0	32.936	0.0	2.822	0.052	33.76
20:04:48	0.0	4.075	0.0	32.96	0.0	2.822	0.052	33.75
20:05:04	0.0	4.075	0.0	32.955	0.0	2.822	0.052	33.775
20:05:19	0.0	4.075	0.0	32.963	0.0	2.822	0.052	33.797
20:05:35	0.0	4.075	0.0	32.976	0.0	2.822	0.052	33.803
20:05:51	0.0	4.075	0.0	32.987	0.0	2.822	0.052	33.791
20:06:07	0.0	4.075	0.0	32.983	0.0	2.822	0.052	33.81
20:06:22	0.0	4.075	0.0	32.989	0.0	2.822	0.052	33.813
20:06:38	0.0	4.075	0.0	32.993	0.0	2.822	0.052	33.822
20:06:53	0.0	4.075	0.0	33.0	0.0	2.822	0.052	33.833
20:07:09	0.0	4.075	0.0	32.998	0.0	2.822	0.052	33.853
20:07:25	0.0	4.075	0.0	33.021	0.0	2.822	0.052	33.85
20:07:40	0.0	4.075	0.0	33.032	0.0	2.822	0.052	33.864
20:07:56	0.0	4.075	0.0	33.029	0.0	2.822	0.052	33.878
20:08:12	0.0	4.075	0.0	33.021	0.0	2.822	0.052	33.872
20:08:28	0.0	4.075	0.0	33.027	0.0	2.822	0.052	33.877
20:08:43	0.0	4.075	0.0	33.046	0.0	2.822	0.052	33.888
20:08:59	0.0	4.075	0.0	33.058	0.0	2.822	0.052	33.919
20:09:14	0.0	4.075	0.0	33.073	0.0	2.822	0.052	33.922
20:09:29	0.0	4.075	0.0	33.063	0.0	2.822	0.052	33.934
20:09:45	0.0	4.075	0.0	33.062	0.0	2.822	0.052	33.915
20:10:01	0.0	4.075	0.0	33.099	0.0	2.822	0.052	33.952
20:10:17	0.0	4.075	0.0	33.099	0.0	2.822	0.052	33.934
20:10:32	0.0	4.075	0.0	33.098	0.0	2.822	0.052	33.952
20:10:48	0.0	4.075	0.0	33.112	0.0	2.822	0.052	33.965
20:11:04	0.0	4.075	0.0	33.127	0.0	2.822	0.052	33.959
20:11:19	0.0	4.075	0.0	33.127	0.0	2.822	0.052	33.991
20:11:35	0.0	4.075	0.0	33.157	0.0	2.822	0.052	34.011
20:11:50	0.0	4.075	0.0	33.157	0.0	2.822	0.052	34.006
20:12:06	0.0	4.075	0.0	33.153	0.0	2.822	0.052	34.017
20:12:21	0.0	4.075	0.0	33.174	0.0	2.822	0.052	34.021
20:12:37	0.0	4.075	0.0	33.171	0.0	2.822	0.052	34.019
20:12:53	0.0	4.075	0.0	33.186	0.0	2.822	0.052	34.032
20:13:09	0.0	4.075	0.0	33.175	0.0	2.822	0.052	34.018
20:13:24	0.0	4.075	0.0	33.185	0.0	2.822	0.052	34.059
20:13:40	0.0	4.075	0.0	33.209	0.0	2.822	0.052	34.051
20:13:56	0.0	4.075	0.0	33.196	0.0	2.822	0.052	34.061
20:14:12	0.0	4.075	0.0	33.225	0.0	2.822	0.052	34.082
20:14:27	0.0	4.075	0.0	33.225	0.0	2.822	0.052	34.071
20:14:43	0.0	4.075	0.0	33.248	0.0	2.822	0.052	34.097
20:14:59	0.0	4.075	0.0	33.241	0.0	2.822	0.052	34.071
20:15:15	0.0	4.075	0.0	33.261	0.0	2.822	0.052	34.088
20:15:31	0.0	4.075	0.0	33.239	0.0	2.822	0.052	34.099
20:15:46	0.0	4.075	0.0	33.26	0.0	2.822	0.052	34.105
20:16:01	0.0	4.075	0.0	33.279	0.0	2.822	0.052	34.103
20:16:17	0.0	4.075	0.0	33.269	0.0	2.822	0.052	34.122
20:16:33	0.0	4.075	0.0	33.259	0.0	2.822	0.052	34.121
20:16:49	0.0	4.075	0.0	33.274	0.0	2.822	0.052	34.129
20:17:04	0.0	4.075	0.0	33.265	0.0	2.822	0.052	34.13
20:17:20	0.0	4.075	0.0	33.258	0.0	2.822	0.052	34.155
20:17:35	0.0	4.075	0.0	33.279	0.0	2.822	0.052	34.139
20:17:51	0.0	4.075	0.0	33.272	0.0	2.822	0.052	34.161
20:18:07	0.0	4.075	0.0	33.287	0.0	2.822	0.052	34.17
20:18:22	0.0	4.075	0.0	33.313	0.0	2.822	0.052	34.169
20:18:38	0.0	4.075	0.0	33.255	0.0	2.822	0.052	34.17
20:18:54	0.0	4.075	0.0	33.295	0.0	2.822	0.052	34.192
20:19:09	0.0	4.075	0.0	33.294	0.0	2.822	0.052	34.181
20:19:25	0.0	4.075	0.0	33.324	0.0	2.822	0.052	34.217
20:19:40	0.0	4.075	0.0	33.328	0.0	2.822	0.052	34.22
20:19:56	0.0	4.075	0.0	33.322	0.0	2.822	0.052	34.202
20:20:12	0.0	4.075	0.0	33.32	0.0	2.822	0.052	34.211
20:20:27	0.0	4.075	0.0	33.325	0.0	2.822	0.052	34.24
20:20:42	0.0	4.075	0.0	33.345	0.0	2.822	0.052	34.211
20:20:58	0.0	4.075	0.0	33.34	0.0	2.822	0.052	34.232
20:21:14	0.0	4.075	0.0	33.335	0.0	2.822	0.052	34.232
20:21:30	0.0	4.075	0.0	33.33	0.0	2.822	0.052	34.247
20:21:45	0.0	4.075	0.0	33.359	0.0	2.822	0.052	34.253
20:22:01	0.0	4.075	0.0	33.354	0.0	2.822	0.052	34.251
20:22:16	0.0	4.075	0.0	33.375	0.0	2.822	0.052	34.255
20:22:32	0.0	4.075	0.0	33.363	0.0	2.822	0.052	34.263
20:22:47	0.0	4.075	0.0	33.394	0.0	2.822	0.052	34.261
20:23:03	0.0	4.075	0.0	33.402	0.0	2.822	0.052	34.272
20:23:19	0.0	4.075	0.0	33.412	0.0	2.822	0.052	34.298
20:23:34	0.0	4.075	0.0	33.421	0.0	2.822	0.052	34.291
20:23:50	0.0	4.075	0.0	33.421	0.0	2.822	0.052	34.293
20:24:06	0.0	4.075	0.0	33.443	0.0	2.822	0.052	34.297
20:24:21	0.0	4.075	0.0	33.434	0.0	2.822	0.052	34.306
20:24:37	0.0	4.075	0.0	33.44	0.0	2.822	0.052	34.314
20:24:52	0.0	4.075	0.0	33.447	0.0	2.822	0.052	34.311
20:25:08	0.0	4.075	0.0	33.447	0.0	2.822	0.052	34.324
20:25:23	0.0	4.075	0.0	33.467	0.0	2.822	0.052	34.328
20:25:39	0.0	4.075	0.0	33.484	0.0	2.822	0.052	34.306
20:25:54	0.0	4.075	0.0	33.453	0.0	2.822	0.052	34.349
20:26:10	0.0	4.075	0.0	33.482	0.0	2.822	0.052	34.318
20:26:26	0.0	4.075	0.0	33.49	0.0	2.822	0.052	34.322
20:26:42	0.0	4.075	0.0	33.48	0.0	2.822	0.052	34.326
20:26:57	0.0	4.075	0.0	33.524	0.0	2.822	0.052	34.375
20:27:13	0.0	4.075	0.0	33.509	0.0	2.822	0.052	34.369
20:27:29	0.0	4.075	0.0	33.497	0.0	2.822	0.052	34.379
20:27:44	0.0	4.075	0.0	33.531	0.0	2.822	0.052	34.378
20:28:00	0.0	4.075	0.0	33.531	0.0	2.822	0.052	34.358
20:28:16	0.0	4.075	0.0	33.53	0.0	2.822	0.052	34.364
20:28:31	0.0	4.075	0.0	33.522	0.0	2.822	0.052	34.396
20:28:47	0.0	4.075	0.0	33.54	0.0	2.822	0.052	34.408
20:29:03	0.0	4.075	0.0	33.555	0.0	2.822	0.052	34.383
20:29:19	0.0	4.075	0.0	33.532	0.0	2.822	0.052	34.408
20:29:34	0.0	4.075	0.0	33.57	0.0	2.822	0.052	34.413
20:29:50	0.0	4.075	0.0	33.535	0.0	2.822	0.052	34.412
20:30:06	0.0	4.075	0.0	33.556	0.0	2.822	0.052	34.441
20:30:21	0.0	4.075	0.0	33.581	0.0	2.822	0.052	34.44
20:30:37	0.0	4.075	0.0	33.558	0.0	2.822	0.052	34.443
20:30:53	0.0	4.075	0.0	33.574	0.0	2.822	0.052	34.443
20:31:09	0.0	4.075	0.0	33.577	0.0	2.822	0.052	34.46
20:31:24	0.0	4.075	0.0	33.582	0.0	2.822	0.052	34.457
20:31:40	0.0	4.075	0.0	33.591	0.0	2.822	0.052	34.453
20:31:56	0.0	4.075	0.0	33.58	0.0	2.822	0.052	34.469
20:32:12	0.0	4.075	0.0	33.57	0.0	2.822	0.052	34.487
20:32:27	0.0	4.075	0.0	33.598	0.0	2.822	0.052	34.488
20:32:43	0.0	4.075	0.0	33.595	0.0	2.822	0.052	34.483
20:32:59	0.0	4.075	0.0	33.615	0.0	2.822	0.052	34.499
20:33:14	0.0	4.075	0.0	33.62	0.0	2.822	0.052	34.525
20:33:30	0.0	4.075	0.0	33.606	0.0	2.822	0.052	34.495
20:33:46	0.0	4.075	0.0	33.619	0.0	2.822	0.052	34.52
20:34:01	0.0	4.075	0.0	33.622	0.0	2.822	0.052	34.501
20:34:17	0.0	4.075	0.0	33.629	0.0	2.822	0.052	34.528
20:34:33	0.0	4.075	0.0	33.619	0.0	2.822	0.052	34.523
20:34:48	0.0	4.075	0.0	33.64	0.0	2.822	0.052	34.521
20:35:04	0.0	4.075	0.0	33.618	0.0	2.822	0.052	34.529
20:35:20	0.0	4.075	0.0	33.626	0.0	2.822	0.052	34.558
20:35:35	0.0	4.075	0.0	33.628	0.0	2.822	0.052	34.548
20:35:51	0.0	4.075	0.0	33.637	0.0	2.822	0.052	34.544
20:36:06	0.0	4.075	0.0	33.641	0.0	2.822	0.052	34.553
20:36:22	0.0	4.075	0.0	33.63	0.0	2.822	0.052	34.526
20:36:38	0.0	4.075	0.0	33.661	0.0	2.822	0.052	34.544
20:36:53	0.0	4.075	0.0	33.645	0.0	2.822	0.052	34.549
20:37:09	0.0	4.075	0.0	33.641	0.0	2.822	0.052	34.558
20:37:24	0.0	4.075	0.0	33.667	0.0	2.822	0.052	34.594
20:37:40	0.0	4.075	0.0	33.661	0.0	2.822	0.052	34.552
20:37:55	0.0	4.075	0.0	33.652	0.0	2.822	0.052	34.571
20:38:11	0.0	4.075	0.0	33.669	0.0	2.822	0.052	34.564
20:38:27	0.0	4.075	0.0	33.646	0.0	2.822	0.052	34.574
20:38:43	0.0	4.075	0.0	33.66	0.0	2.822	0.052	34.57
20:38:58	0.0	4.075	0.0	33.663	0.0	2.822	0.052	34.572
20:39:14	0.0	4.075	0.0	33.673	0.0	2.822	0.052	34.586
20:39:30	0.0	4.075	0.0	33.674	0.0	2.822	0.052	34.588
20:39:46	0.0	4.075	0.0	33.691	0.0	2.822	0.052	34.591
20:40:01	0.0	4.075	0.0	33.669	0.0	2.822	0.052	34.591
20:40:17	0.0	4.075	0.0	33.678	0.0	2.822	0.052	34.614
20:40:32	0.0	4.075	0.0	33.681	0.0	2.822	0.052	34.588
20:40:48	0.0	4.075	0.0	33.696	0.0	2.822	0.052	34.617
20:41:03	0.0	4.075	0.0	33.674	0.0	2.822	0.052	34.625
20:41:19	0.0	4.075	0.0	33.678	0.0	2.822	0.052	34.628
20:41:35	0.0	4.075	0.0	33.709	0.0	2.822	0.052	34.619
20:41:50	0.0	4.075	0.0	33.687	0.0	2.822	0.052	34.63
20:42:06	0.0	4.075	0.0	33.701	0.0	2.822	0.052	34.636
20:42:22	0.0	4.075	0.0	33.718	0.0	2.822	0.052	34.617
20:42:38	0.0	4.075	0.0	33.711	0.0	2.822	0.052	34.655
20:42:54	0.0	4.075	0.0	33.719	0.0	2.822	0.052	34.601
20:43:09	0.0	4.075	0.0	33.704	0.0	2.822	0.052	34.665
20:43:24	0.0	4.075	0.0	33.725	0.0	2.822	0.052	34.644
20:43:40	0.0	4.075	0.0	33.719	0.0	2.822	0.052	34.644
20:43:55	0.0	4.075	0.0	33.709	0.0	2.822	0.052	34.64
20:44:11	0.0	4.075	0.0	33.739	0.0	2.822	0.052	34.686
20:44:26	0.0	4.075	0.0	33.738	0.0	2.822	0.052	34.686
20:44:42	0.0	4.075	0.0	33.74	0.0	2.822	0.052	34.674
20:44:58	0.0	4.075	0.0	33.767	0.0	2.822	0.052	34.688
20:45:14	0.0	4.075	0.0	33.776	0.0	2.822	0.052	34.679
20:45:29	0.0	4.075	0.0	33.781	0.0	2.822	0.052	34.661
20:45:45	0.0	4.075	0.0	33.775	0.0	2.822	0.052	34.683
20:46:00	0.0	4.075	0.0	33.785	0.0	2.822	0.052	34.676
20:46:16	0.0	4.075	0.0	33.769	0.0	2.822	0.052	34.689
20:46:31	0.0	4.075	0.0	33.794	0.0	2.822	0.052	34.671
20:46:47	0.0	4.075	0.0	33.778	0.0	2.822	0.052	34.689
20:47:03	0.0	4.075	0.0	33.801	0.0	2.822	0.052	34.702
20:47:18	0.0	4.075	0.0	33.816	0.0	2.822	0.052	34.713
20:47:34	0.0	4.075	0.0	33.79	0.0	2.822	0.052	34.699
20:47:49	0.0	4.075	0.0	33.783	0.0	2.822	0.052	34.707
20:48:05	0.0	4.075	0.0	33.802	0.0	2.822	0.052	34.712
20:48:20	0.0	4.075	0.0	33.8	0.0	2.822	0.052	34.709
20:48:36	0.0	4.075	0.0	33.804	0.0	2.822	0.052	34.693
20:48:52	0.0	4.075	0.0	33.831	0.0	2.822	0.052	34.709
20:49:08	0.0	4.075	0.0	33.799	0.0	2.822	0.052	34.714
20:49:23	0.0	4.075	0.0	33.826	0.0	2.822	0.052	34.742
20:49:39	0.0	4.075	0.0	33.808	0.0	2.822	0.052	34.717
20:49:54	0.0	4.075	0.0	33.804	0.0	2.822	0.052	34.727
20:50:10	0.0	4.075	0.0	33.806	0.0	2.822	0.052	34.693
20:50:26	0.0	4.075	0.0	33.829	0.0	2.822	0.052	34.718
20:50:41	0.0	4.075	0.0	33.825	0.0	2.822	0.052	34.717
20:50:57	0.0	4.075	0.0	33.835	0.0	2.822	0.052	34.74
20:51:12	0.0	4.075	0.0	33.827	0.0	2.822	0.052	34.743
20:51:28	0.0	4.075	0.0	33.843	0.0	2.822	0.052	34.755
20:51:44	0.0	4.075	0.0	33.855	0.0	2.822	0.052	34.746
20:51:59	0.0	4.075	0.0	33.81	0.0	2.822	0.052	34.73
20:52:15	0.0	4.075	0.0	33.857	0.0	2.822	0.052	34.739
20:52:30	0.0	4.075	0.0	33.82	0.0	2.822	0.052	34.738
20:52:46	0.0	4.075	0.0	33.843	0.0	2.822	0.052	34.744
20:53:01	0.0	4.075	0.0	33.847	0.0	2.822	0.052	34.75
20:53:18	0.0	4.075	0.0	33.864	0.0	2.822	0.052	34.751
20:53:33	0.0	4.075	0.0	33.857	0.0	2.822	0.052	34.744
20:53:49	0.0	4.075	0.0	33.842	0.0	2.822	0.052	34.744
20:54:05	0.0	4.075	0.0	33.854	0.0	2.822	0.052	34.756
20:54:20	0.0	4.075	0.0	33.87	0.0	2.822	0.052	34.763
20:54:36	0.0	4.075	0.0	33.847	0.0	2.822	0.052	34.739
20:54:51	0.0	4.075	0.0	33.837	0.0	2.822	0.052	34.76
20:55:07	0.0	4.075	0.0	33.846	0.0	2.822	0.052	34.762
20:55:23	0.0	4.075	0.0	33.839	0.0	2.822	0.052	34.756
20:55:39	0.0	4.075	0.0	33.845	0.0	2.822	0.052	34.76
20:55:54	0.0	4.075	0.0	33.866	0.0	2.822	0.052	34.784
20:56:10	0.0	4.075	0.0	33.866	0.0	2.822	0.052	34.759
20:56:26	0.0	4.075	0.0	33.865	0.0	2.822	0.052	34.753
20:56:41	0.0	4.075	0.0	33.854	0.0	2.822	0.052	34.759
20:56:57	0.0	4.075	0.0	33.869	0.0	2.822	0.052	34.767
20:57:13	0.0	4.075	0.0	33.855	0.0	2.822	0.052	34.766
20:57:28	0.0	4.075	0.0	33.868	0.0	2.822	0.052	34.764
20:57:44	0.0	4.075	0.0	33.859	0.0	2.822	0.052	34.765
20:58:00	0.0	4.075	0.0	33.865	0.0	2.822	0.052	34.773
20:58:15	0.0	4.075	0.0	33.853	0.0	2.822	0.052	34.784
20:58:31	0.0	4.075	0.0	33.846	0.0	2.822	0.052	34.77
20:58:46	0.0	4.075	0.0	33.868	0.0	2.822	0.052	34.782
20:59:02	0.0	4.075	0.0	33.867	0.0	2.822	0.052	34.782
20:59:17	0.0	4.075	0.0	33.873	0.0	2.822	0.052	34.76
20:59:33	0.0	4.075	0.0	33.871	0.0	2.822	0.052	34.771
20:59:48	0.0	4.075	0.0	33.884	0.0	2.822	0.052	34.781
21:00:04	0.0	4.075	0.0	33.873	0.0	2.822	0.052	34.799
21:00:19	0.0	4.075	0.0	33.883	0.0	2.822	0.052	34.802
21:00:35	0.0	4.075	0.0	33.882	0.0	2.822	0.052	34.778
21:00:51	0.0	4.075	0.0	33.893	0.0	2.822	0.052	34.803
21:01:07	0.0	4.075	0.0	33.886	0.0	2.822	0.052	34.815
21:01:22	0.0	4.075	0.0	33.873	0.0	2.822	0.052	34.789
21:01:38	0.0	4.075	0.0	33.873	0.0	2.822	0.052	34.8
21:01:54	0.0	4.075	0.0	33.868	0.0	2.822	0.052	34.79
21:02:09	0.0	4.075	0.0	33.866	0.0	2.822	0.052	34.798
21:02:25	0.0	4.075	0.0	33.887	0.0	2.822	0.052	34.803
21:02:40	0.0	4.075	0.0	33.858	0.0	2.822	0.052	34.814
21:02:56	0.0	4.075	0.0	33.883	0.0	2.822	0.052	34.821
21:03:12	0.0	4.075	0.0	33.87	0.0	2.822	0.052	34.821
21:03:27	0.0	4.075	0.0	33.874	0.0	2.822	0.052	34.81
21:03:43	0.0	4.075	0.0	33.885	0.0	2.822	0.052	34.792
21:03:59	0.0	4.075	0.0	33.875	0.0	2.822	0.052	34.792
21:04:15	0.0	4.075	0.0	33.895	0.0	2.822	0.052	34.8
21:04:31	0.0	4.075	0.0	33.891	0.0	2.822	0.052	34.812
21:04:46	0.0	4.075	0.0	33.878	0.0	2.822	0.052	34.788
21:05:02	0.0	4.075	0.0	33.876	0.0	2.822	0.052	34.812
21:05:17	0.0	4.075	0.0	33.879	0.0	2.822	0.052	34.819
21:05:33	0.0	4.075	0.0	33.87	0.0	2.822	0.052	34.807
21:05:49	0.0	4.075	0.0	33.888	0.0	2.822	0.052	34.792
21:06:05	0.0	4.075	0.0	33.895	0.0	2.822	0.052	34.798
21:06:20	0.0	4.075	0.0	33.866	0.0	2.822	0.052	34.802
21:06:36	0.0	4.075	0.0	33.885	0.0	2.822	0.052	34.799
21:06:52	0.0	4.075	0.0	33.9	0.0	2.822	0.052	34.815
21:07:07	0.0	4.075	0.0	33.876	0.0	2.822	0.052	34.801
21:07:23	0.0	4.075	0.0	33.879	0.0	2.822	0.052	34.806
21:07:39	0.0	4.075	0.0	33.898	0.0	2.822	0.052	34.818
21:07:54	0.0	4.075	0.0	33.909	0.0	2.822	0.052	34.818
21:08:09	0.0	4.075	0.0	33.895	0.0	2.822	0.052	34.787
21:08:25	0.0	4.075	0.0	33.887	0.0	2.822	0.052	34.833
21:08:41	0.0	4.075	0.0	33.874	0.0	2.822	0.052	34.811
21:08:57	0.0	4.075	0.0	33.871	0.0	2.822	0.052	34.817
21:09:12	0.0	4.075	0.0	33.881	0.0	2.822	0.052	34.802
21:09:28	0.0	4.075	0.0	33.886	0.0	2.822	0.052	34.81
21:09:43	0.0	4.075	0.0	33.869	0.0	2.822	0.052	34.807
21:09:59	0.0	4.075	0.0	33.891	0.0	2.822	0.052	34.817
21:10:14	0.0	4.075	0.0	33.914	0.0	2.822	0.052	34.812
21:10:30	0.0	4.075	0.0	33.878	0.0	2.822	0.052	34.794
21:10:46	0.0	4.075	0.0	33.892	0.0	2.822	0.052	34.791
21:11:01	0.0	4.075	0.0	33.878	0.0	2.822	0.052	34.803
21:11:17	0.0	4.075	0.0	33.889	0.0	2.822	0.052	34.811
21:11:33	0.0	4.075	0.0	33.884	0.0	2.822	0.052	34.797
21:11:48	0.0	4.075	0.0	33.893	0.0	2.822	0.052	34.803
21:12:04	0.0	4.075	0.0	33.892	0.0	2.822	0.052	34.797
21:12:20	0.0	4.075	0.0	33.89	0.0	2.822	0.052	34.8
21:12:37	0.0	4.075	0.0	33.881	0.0	2.822	0.052	34.796
21:12:52	0.0	4.075	0.0	33.897	0.0	2.822	0.052	34.799
21:13:09	0.0	4.075	0.0	33.889	0.0	2.822	0.052	34.794
21:13:25	0.0	4.075	0.0	33.899	0.0	2.822	0.052	34.794
21:13:41	0.0	4.075	0.0	33.895	0.0	2.822	0.052	34.806
21:13:56	0.0	4.075	0.0	33.875	0.0	2.822	0.052	34.813
21:14:12	0.0	4.075	0.0	33.904	0.0	2.822	0.052	34.789
21:14:28	0.0	4.075	0.0	33.897	0.0	2.822	0.052	34.79
21:14:44	0.0	4.075	0.0	33.886	0.0	2.822	0.052	34.782
21:15:00	0.0	4.075	0.0	33.868	0.0	2.822	0.052	34.794
21:15:16	0.0	4.075	0.0	33.893	0.0	2.822	0.052	34.803
21:15:32	0.0	4.075	0.0	33.88	0.0	2.822	0.052	34.802
21:15:48	0.0	4.075	0.0	33.881	0.0	2.822	0.052	34.807
21:16:05	0.0	4.075	0.0	33.903	0.0	2.822	0.052	34.797
21:16:21	0.0	4.075	0.0	33.894	0.0	2.822	0.052	34.777
21:16:36	0.0	4.075	0.0	33.866	0.0	2.822	0.052	34.801
21:16:52	0.0	4.075	0.0	33.883	0.0	2.822	0.052	34.795
21:17:08	0.0	4.075	0.0	33.883	0.0	2.822	0.052	34.813
21:17:24	0.0	4.075	0.0	33.887	0.0	2.822	0.052	34.794
21:17:39	0.0	4.075	0.0	33.896	0.0	2.822	0.052	34.797
21:17:55	0.0	4.075	0.0	33.899	0.0	2.822	0.052	34.807
21:18:11	0.0	4.075	0.0	33.887	0.0	2.822	0.052	34.798
21:18:27	0.0	4.075	0.0	33.858	0.0	2.822	0.052	34.791
21:18:43	0.0	4.075	0.0	33.874	0.0	2.822	0.052	34.809
21:18:58	0.0	4.075	0.0	33.878	0.0	2.822	0.052	34.797
21:19:14	0.0	4.075	0.0	33.881	0.0	2.822	0.052	34.816
21:19:30	0.0	4.075	0.0	33.873	0.0	2.822	0.052	34.803
21:19:45	0.0	4.075	0.0	33.885	0.0	2.822	0.052	34.804
21:20:01	0.0	4.075	0.0	33.873	0.0	2.822	0.052	34.807
21:20:17	0.0	4.075	0.0	33.879	0.0	2.822	0.052	34.801
21:20:32	0.0	4.075	0.0	33.884	0.0	2.822	0.052	34.799
21:20:48	0.0	4.075	0.0	33.867	0.0	2.822	0.052	34.809
21:21:03	0.0	4.075	0.0	33.866	0.0	2.822	0.052	34.807
21:21:19	0.0	4.075	0.0	33.867	0.0	2.822	0.052	34.804
21:21:34	0.0	4.075	0.0	33.871	0.0	2.822	0.052	34.801
21:21:50	0.0	4.075	0.0	33.873	0.0	2.822	0.052	34.806
21:22:05	0.0	4.075	0.0	33.869	0.0	2.822	0.052	34.814
21:22:21	0.0	4.075	0.0	33.867	0.0	2.822	0.052	34.807
21:22:36	0.0	4.075	0.0	33.872	0.0	2.822	0.052	34.792
21:22:52	0.0	4.075	0.0	33.872	0.0	2.822	0.052	34.808
21:23:08	0.0	4.075	0.0	33.879	0.0	2.822	0.052	34.826
21:23:23	0.0	4.075	0.0	33.872	0.0	2.822	0.052	34.804
21:23:39	0.0	4.075	0.0	33.867	0.0	2.822	0.052	34.802
21:23:54	0.0	4.075	0.0	33.882	0.0	2.822	0.052	34.808
21:24:10	0.0	4.075	0.0	33.87	0.0	2.822	0.052	34.804
21:24:25	0.0	4.075	0.0	33.864	0.0	2.822	0.052	34.799
21:24:41	0.0	4.075	0.0	33.857	0.0	2.822	0.052	34.812
21:24:57	0.0	4.075	0.0	33.853	0.0	2.822	0.052	34.831
21:25:13	0.0	4.075	0.0	33.852	0.0	2.822	0.052	34.812
21:25:29	0.0	4.075	0.0	33.848	0.0	2.822	0.052	34.813
21:25:45	0.0	4.075	0.0	33.858	0.0	2.822	0.052	34.812
21:26:01	0.0	4.075	0.0	33.881	0.0	2.822	0.052	34.815
21:26:16	0.0	4.075	0.0	33.858	0.0	2.822	0.052	34.805
21:26:32	0.0	4.075	0.0	33.849	0.0	2.822	0.052	34.816
21:26:48	0.0	4.075	0.0	33.859	0.0	2.822	0.052	34.823
21:27:04	0.0	4.075	0.0	33.866	0.0	2.822	0.052	34.821
21:27:20	0.0	4.075	0.0	33.853	0.0	2.822	0.052	34.814
21:27:35	0.0	4.075	0.0	33.864	0.0	2.822	0.052	34.801
21:27:51	0.0	4.075	0.0	33.849	0.0	2.822	0.052	34.835
21:28:06	0.0	4.075	0.0	33.858	0.0	2.822	0.052	34.803
21:28:22	0.0	4.075	0.0	33.894	0.0	2.822	0.052	34.819
21:28:37	0.0	4.075	0.0	33.855	0.0	2.822	0.052	34.811
21:28:53	0.0	4.075	0.0	33.856	0.0	2.822	0.052	34.817
21:29:09	0.0	4.075	0.0	33.869	0.0	2.822	0.052	34.816
21:29:24	0.0	4.075	0.0	33.843	0.0	2.822	0.052	34.821
21:29:40	0.0	4.075	0.0	33.85	0.0	2.822	0.052	34.815
21:29:56	0.0	4.075	0.0	33.848	0.0	2.822	0.052	34.82
21:30:12	0.0	4.075	0.0	33.864	0.0	2.822	0.052	34.818
21:30:27	0.0	4.075	0.0	33.839	0.0	2.822	0.052	34.806
21:30:43	0.0	4.075	0.0	33.866	0.0	2.822	0.052	34.826
21:30:59	0.0	4.075	0.0	33.863	0.0	2.822	0.052	34.83
21:31:15	0.0	4.075	0.0	33.869	0.0	2.822	0.052	34.818
21:31:30	0.0	4.075	0.0	33.876	0.0	2.822	0.052	34.817
21:31:46	0.0	4.075	0.0	33.867	0.0	2.822	0.052	34.822
21:32:01	0.0	4.075	0.0	33.874	0.0	2.822	0.052	34.804
21:32:17	0.0	4.075	0.0	33.867	0.0	2.822	0.052	34.816
21:32:32	0.0	4.075	0.0	33.856	0.0	2.822	0.052	34.833
21:32:48	0.0	4.075	0.0	33.855	0.0	2.822	0.052	34.813
21:33:04	0.0	4.075	0.0	33.847	0.0	2.822	0.052	34.815
21:33:19	0.0	4.075	0.0	33.862	0.0	2.822	0.052	34.825
21:33:35	0.0	4.075	0.0	33.861	0.0	2.822	0.052	34.817
21:33:51	0.0	4.075	0.0	33.853	0.0	2.822	0.052	34.819
21:34:07	0.0	4.075	0.0	33.863	0.0	2.822	0.052	34.807
21:34:23	0.0	4.075	0.0	33.855	0.0	2.822	0.052	34.793
21:34:39	0.0	4.075	0.0	33.854	0.0	2.822	0.052	34.818
21:34:55	0.0	4.075	0.0	33.838	0.0	2.822	0.052	34.825
21:35:10	0.0	4.075	0.0	33.845	0.0	2.822	0.052	34.834
21:35:26	0.0	4.075	0.0	33.858	0.0	2.822	0.052	34.827
21:35:42	0.0	4.075	0.0	33.854	0.0	2.822	0.052	34.829
21:35:58	0.0	4.075	0.0	33.861	0.0	2.822	0.052	34.824
21:36:14	0.0	4.075	0.0	33.859	0.0	2.822	0.052	34.819
21:36:30	0.0	4.075	0.0	33.856	0.0	2.822	0.052	34.818
21:36:45	0.0	4.075	0.0	33.871	0.0	2.822	0.052	34.823
21:37:01	0.0	4.075	0.0	33.84	0.0	2.822	0.052	34.828
21:37:17	0.0	4.075	0.0	33.86	0.0	2.822	0.052	34.827
21:37:33	0.0	4.075	0.0	33.863	0.0	2.822	0.052	34.819
21:37:49	0.0	4.075	0.0	33.847	0.0	2.822	0.052	34.826
21:38:04	0.0	4.075	0.0	33.86	0.0	2.822	0.052	34.841
21:38:20	0.0	4.075	0.0	33.861	0.0	2.822	0.052	34.821
21:38:36	0.0	4.075	0.0	33.848	0.0	2.822	0.052	34.824
21:38:52	0.0	4.075	0.0	33.866	0.0	2.822	0.052	34.827
21:39:08	0.0	4.075	0.0	33.845	0.0	2.822	0.052	34.827
21:39:23	0.0	4.075	0.0	33.837	0.0	2.822	0.052	34.814
21:39:39	0.0	4.075	0.0	33.869	0.0	2.822	0.052	34.835
21:39:55	0.0	4.075	0.0	33.86	0.0	2.822	0.052	34.81
21:40:11	0.0	4.075	0.0	33.87	0.0	2.822	0.052	34.804
21:40:27	0.0	4.075	0.0	33.865	0.0	2.822	0.052	34.81
21:40:43	0.0	4.075	0.0	33.834	0.0	2.822	0.052	34.813
21:40:59	0.0	4.075	0.0	33.842	0.0	2.822	0.052	34.843
21:41:14	0.0	4.075	0.0	33.85	0.0	2.822	0.052	34.82
21:41:30	0.0	4.075	0.0	33.825	0.0	2.822	0.052	34.815
21:41:46	0.0	4.075	0.0	33.843	0.0	2.822	0.052	34.83
21:42:01	0.0	4.075	0.0	33.85	0.0	2.822	0.052	34.82
21:42:17	0.0	4.075	0.0	33.847	0.0	2.822	0.052	34.814
21:42:33	0.0	4.075	0.0	33.862	0.0	2.822	0.052	34.816
21:42:49	0.0	4.075	0.0	33.861	0.0	2.822	0.052	34.823
21:43:04	0.0	4.075	0.0	33.823	0.0	2.822	0.052	34.809
21:43:20	0.0	4.075	0.0	33.848	0.0	2.822	0.052	34.824
21:43:36	0.0	4.075	0.0	33.857	0.0	2.822	0.052	34.835
21:43:52	0.0	4.075	0.0	33.85	0.0	2.822	0.052	34.83
21:44:08	0.0	4.075	0.0	33.847	0.0	2.822	0.052	34.826
21:44:24	0.0	4.075	0.0	33.849	0.0	2.822	0.052	34.82
21:44:40	0.0	4.075	0.0	33.847	0.0	2.822	0.052	34.828
21:44:55	0.0	4.075	0.0	33.853	0.0	2.822	0.052	34.824
21:45:11	0.0	4.075	0.0	33.843	0.0	2.822	0.052	34.838
21:45:27	0.0	4.075	0.0	33.866	0.0	2.822	0.052	34.822
21:45:43	0.0	4.075	0.0	33.839	0.0	2.822	0.052	34.846
21:45:58	0.0	4.075	0.0	33.851	0.0	2.822	0.052	34.818
21:46:14	0.0	4.075	0.0	33.841	0.0	2.822	0.052	34.802
21:46:30	0.0	4.075	0.0	33.819	0.0	2.822	0.052	34.821
21:46:45	0.0	4.075	0.0	33.844	0.0	2.822	0.052	34.819
21:47:02	0.0	4.075	0.0	33.839	0.0	2.822	0.052	34.816
21:47:18	0.0	4.075	0.0	33.851	0.0	2.822	0.052	34.818
21:47:33	0.0	4.075	0.0	33.839	0.0	2.822	0.052	34.836
21:47:49	0.0	4.075	0.0	33.842	0.0	2.822	0.052	34.829
21:48:05	0.0	4.075	0.0	33.833	0.0	2.822	0.052	34.832
21:48:21	0.0	4.075	0.0	33.833	0.0	2.822	0.052	34.842
21:48:36	0.0	4.075	0.0	33.83	0.0	2.822	0.052	34.844
21:48:52	0.0	4.075	0.0	33.845	0.0	2.822	0.052	34.827
21:49:07	0.0	4.075	0.0	33.849	0.0	2.822	0.052	34.815
21:49:23	0.0	4.075	0.0	33.83	0.0	2.822	0.052	34.828
21:49:38	0.0	4.075	0.0	33.821	0.0	2.822	0.052	34.829
21:49:54	0.0	4.075	0.0	33.828	0.0	2.822	0.052	34.828
21:50:10	0.0	4.075	0.0	33.829	0.0	2.822	0.052	34.811
21:50:26	0.0	4.075	0.0	33.849	0.0	2.822	0.052	34.822
21:50:42	0.0	4.075	0.0	33.84	0.0	2.822	0.052	34.809
21:50:58	0.0	4.075	0.0	33.821	0.0	2.822	0.052	34.843
21:51:13	0.0	4.075	0.0	33.832	0.0	2.822	0.052	34.84
21:51:29	0.0	4.075	0.0	33.833	0.0	2.822	0.052	34.831
21:51:45	0.0	4.075	0.0	33.846	0.0	2.822	0.052	34.822
21:52:00	0.0	4.075	0.0	33.817	0.0	2.822	0.052	34.841
21:52:16	0.0	4.075	0.0	33.818	0.0	2.822	0.052	34.821
21:52:32	0.0	4.075	0.0	33.818	0.0	2.822	0.052	34.81
21:52:47	0.0	4.075	0.0	33.816	0.0	2.822	0.052	34.818
21:53:03	0.0	4.075	0.0	33.817	0.0	2.822	0.052	34.84
21:53:19	0.0	4.075	0.0	33.835	0.0	2.822	0.052	34.819
21:53:35	0.0	4.075	0.0	33.813	0.0	2.822	0.052	34.824
21:53:51	0.0	4.075	0.0	33.817	0.0	2.822	0.052	34.827
21:54:06	0.0	4.075	0.0	33.834	0.0	2.822	0.052	34.825
21:54:22	0.0	4.075	0.0	33.849	0.0	2.822	0.052	34.823
21:54:38	0.0	4.075	0.0	33.812	0.0	2.822	0.052	34.835
21:54:54	0.0	4.075	0.0	33.84	0.0	2.822	0.052	34.809
21:55:09	0.0	4.075	0.0	33.821	0.0	2.822	0.052	34.845
21:55:25	0.0	4.075	0.0	33.808	0.0	2.822	0.052	34.824
21:55:41	0.0	4.075	0.0	33.847	0.0	2.822	0.052	34.817
21:55:57	0.0	4.075	0.0	33.845	0.0	2.822	0.052	34.824
21:56:12	0.0	4.075	0.0	33.807	0.0	2.822	0.052	34.844
21:56:28	0.0	4.075	0.0	33.813	0.0	2.822	0.052	34.822
21:56:43	0.0	4.075	0.0	33.838	0.0	2.822	0.052	34.83
21:56:59	0.0	4.075	0.0	33.815	0.0	2.822	0.052	34.839
21:57:15	0.0	4.075	0.0	33.82	0.0	2.822	0.052	34.824
21:57:31	0.0	4.075	0.0	33.847	0.0	2.822	0.052	34.844
21:57:47	0.0	4.075	0.0	33.841	0.0	2.822	0.052	34.823
21:58:02	0.0	4.075	0.0	33.823	0.0	2.822	0.052	34.818
21:58:18	0.0	4.075	0.0	33.832	0.0	2.822	0.052	34.832
21:58:34	0.0	4.075	0.0	33.846	0.0	2.822	0.052	34.834
21:58:50	0.0	4.075	0.0	33.829	0.0	2.822	0.052	34.821
21:59:05	0.0	4.075	0.0	33.82	0.0	2.822	0.052	34.82
21:59:21	0.0	4.075	0.0	33.825	0.0	2.822	0.052	34.812
21:59:37	0.0	4.075	0.0	33.833	0.0	2.822	0.052	34.825
21:59:52	0.0	4.075	0.0	33.832	0.0	2.822	0.052	34.836
22:00:08	0.0	4.075	0.0	33.839	0.0	2.822	0.052	34.818
22:00:24	0.0	4.075	0.0	33.843	0.0	2.822	0.052	34.835
22:00:40	0.0	4.075	0.0	33.852	0.0	2.822	0.052	34.837
22:00:55	0.0	4.075	0.0	33.824	0.0	2.822	0.052	34.84
22:01:11	0.0	4.075	0.0	33.85	0.0	2.822	0.052	34.836
22:01:26	0.0	4.075	0.0	33.829	0.0	2.822	0.052	34.826
22:01:42	0.0	4.075	0.0	33.836	0.0	2.822	0.052	34.848
22:01:58	0.0	4.075	0.0	33.839	0.0	2.822	0.052	34.836
22:02:13	0.0	4.075	0.0	33.845	0.0	2.822	0.052	34.84
22:02:29	0.0	4.075	0.0	33.833	0.0	2.822	0.052	34.827
22:02:44	0.0	4.075	0.0	33.846	0.0	2.822	0.052	34.819
22:03:00	0.0	4.075	0.0	33.831	0.0	2.822	0.052	34.83
22:03:16	0.0	4.075	0.0	33.853	0.0	2.822	0.052	34.825
22:03:31	0.0	4.075	0.0	33.836	0.0	2.822	0.052	34.834
22:03:47	0.0	4.075	0.0	33.845	0.0	2.822	0.052	34.83
22:04:03	0.0	4.075	0.0	33.84	0.0	2.822	0.052	34.84
22:04:19	0.0	4.075	0.0	33.859	0.0	2.822	0.052	34.863
22:04:34	0.0	4.075	0.0	33.832	0.0	2.822	0.052	34.849
22:04:50	0.0	4.075	0.0	33.865	0.0	2.822	0.052	34.836
22:05:05	0.0	4.075	0.0	33.849	0.0	2.822	0.052	34.837
22:05:21	0.0	4.075	0.0	33.85	0.0	2.822	0.052	34.824
22:05:37	0.0	4.075	0.0	33.869	0.0	2.822	0.052	34.82
22:05:53	0.0	4.075	0.0	33.857	0.0	2.822	0.052	34.827
22:06:08	0.0	4.075	0.0	33.848	0.0	2.822	0.052	34.83
22:06:24	0.0	4.075	0.0	33.832	0.0	2.822	0.052	34.848
22:06:40	0.0	4.075	0.0	33.844	0.0	2.822	0.052	34.848
22:06:55	0.0	4.075	0.0	33.848	0.0	2.822	0.052	34.823
22:07:11	0.0	4.075	0.0	33.867	0.0	2.822	0.052	34.829
22:07:27	0.0	4.075	0.0	33.86	0.0	2.822	0.052	34.837
22:07:42	0.0	4.075	0.0	33.858	0.0	2.822	0.052	34.833
22:07:58	0.0	4.075	0.0	33.849	0.0	2.822	0.052	34.843
22:08:14	0.0	4.075	0.0	33.866	0.0	2.822	0.052	34.831
22:08:29	0.0	4.075	0.0	33.857	0.0	2.822	0.052	34.84
22:08:45	0.0	4.075	0.0	33.851	0.0	2.822	0.052	34.832
22:09:00	0.0	4.075	0.0	33.848	0.0	2.822	0.052	34.849
22:09:16	0.0	4.075	0.0	33.873	0.0	2.822	0.052	34.84
22:09:32	0.0	4.075	0.0	33.858	0.0	2.822	0.052	34.854
22:09:47	0.0	4.075	0.0	33.871	0.0	2.822	0.052	34.829
22:10:03	0.0	4.075	0.0	33.877	0.0	2.822	0.052	34.837
22:10:19	0.0	4.075	0.0	33.845	0.0	2.822	0.052	34.84
22:10:35	0.0	4.075	0.0	33.845	0.0	2.822	0.052	34.84
22:10:50	0.0	4.075	0.0	33.843	0.0	2.822	0.052	34.843
22:11:06	0.0	4.075	0.0	33.857	0.0	2.822	0.052	34.838
22:11:21	0.0	4.075	0.0	33.881	0.0	2.822	0.052	34.84
22:11:37	0.0	4.075	0.0	33.879	0.0	2.822	0.052	34.834
22:11:53	0.0	4.075	0.0	33.855	0.0	2.822	0.052	34.857
22:12:09	0.0	4.075	0.0	33.878	0.0	2.822	0.052	34.821
22:12:25	0.0	4.075	0.0	33.843	0.0	2.822	0.052	34.821
22:12:41	0.0	4.075	0.0	33.88	0.0	2.822	0.052	34.832
22:12:56	0.0	4.075	0.0	33.871	0.0	2.822	0.052	34.843
22:13:12	0.0	4.075	0.0	33.851	0.0	2.822	0.052	34.832
22:13:28	0.0	4.075	0.0	33.872	0.0	2.822	0.052	34.828
22:13:44	0.0	4.075	0.0	33.863	0.0	2.822	0.052	34.833
22:14:00	0.0	4.075	0.0	33.849	0.0	2.822	0.052	34.825
22:14:16	0.0	4.075	0.0	33.88	0.0	2.822	0.052	34.829
22:14:32	0.0	4.075	0.0	33.881	0.0	2.822	0.052	34.858
22:14:47	0.0	4.075	0.0	33.866	0.0	2.822	0.052	34.833
22:15:03	0.0	4.075	0.0	33.861	0.0	2.822	0.052	34.855
22:15:19	0.0	4.075	0.0	33.87	0.0	2.822	0.052	34.855
22:15:34	0.0	4.075	0.0	33.884	0.0	2.822	0.052	34.839
22:15:50	0.0	4.075	0.0	33.877	0.0	2.822	0.052	34.852
22:16:06	0.0	4.075	0.0	33.848	0.0	2.822	0.052	34.854
22:16:22	0.0	4.075	0.0	33.879	0.0	2.822	0.052	34.84
22:16:37	0.0	4.075	0.0	33.871	0.0	2.822	0.052	34.883
22:16:53	0.0	4.075	0.0	33.882	0.0	2.822	0.052	34.878
22:17:09	0.0	4.075	0.0	33.897	0.0	2.822	0.052	34.893
22:17:25	0.0	4.075	0.0	33.901	0.0	2.822	0.052	34.869
22:17:41	0.0	4.075	0.0	33.906	0.0	2.822	0.052	34.893
22:17:56	0.0	4.075	0.0	33.926	0.0	2.822	0.052	34.888
22:18:12	0.0	4.075	0.0	33.893	0.0	2.822	0.052	34.914
22:18:27	0.0	4.075	0.0	33.908	0.0	2.822	0.052	34.909
22:18:43	0.0	4.075	0.0	33.935	0.0	2.822	0.052	34.896
22:18:59	0.0	4.075	0.0	33.938	0.0	2.822	0.052	34.909
22:19:14	0.0	4.075	0.0	33.941	0.0	2.822	0.052	34.905
22:19:30	0.0	4.075	0.0	33.951	0.0	2.822	0.052	34.912
22:19:46	0.0	4.075	0.0	33.974	0.0	2.822	0.052	34.939
22:20:02	0.0	4.075	0.0	33.966	0.0	2.822	0.052	34.951
22:20:17	0.0	4.075	0.0	33.979	0.0	2.822	0.052	34.934
22:20:33	0.0	4.075	0.0	33.974	0.0	2.822	0.052	34.945
22:20:48	0.0	4.075	0.0	33.999	0.0	2.822	0.052	34.949
22:21:04	0.0	4.075	0.0	34.004	0.0	2.822	0.052	34.934
22:21:20	0.0	4.075	0.0	34.035	0.0	2.822	0.052	34.957
22:21:35	0.0	4.075	0.0	34.007	0.0	2.822	0.052	34.945
22:21:51	0.0	4.075	0.0	34.035	0.0	2.822	0.052	34.963
22:22:07	0.0	4.075	0.0	34.083	0.0	2.822	0.052	34.966
22:22:23	0.0	4.075	0.0	34.057	0.0	2.822	0.052	34.976
22:22:38	0.0	4.075	0.0	34.047	0.0	2.822	0.052	34.981
22:22:54	0.0	4.075	0.0	34.088	0.0	2.822	0.052	34.965
22:23:10	0.0	4.075	0.0	34.094	0.0	2.822	0.052	34.994
22:23:26	0.0	4.075	0.0	34.098	0.0	2.822	0.052	34.981
22:23:42	0.0	4.075	0.0	34.088	0.0	2.822	0.052	35.0
22:23:58	0.0	4.075	0.0	34.11	0.0	2.822	0.052	35.007
22:24:14	0.0	4.075	0.0	34.102	0.0	2.822	0.052	35.001
22:24:30	0.0	4.075	0.0	34.096	0.0	2.822	0.052	35.012
22:24:46	0.0	4.075	0.0	34.121	0.0	2.822	0.052	35.006
22:25:02	0.0	4.075	0.0	34.126	0.0	2.822	0.052	35.004
22:25:17	0.0	4.075	0.0	34.147	0.0	2.822	0.052	35.012
22:25:33	0.0	4.075	0.0	34.136	0.0	2.822	0.052	35.027
22:25:49	0.0	4.075	0.0	34.143	0.0	2.822	0.052	35.025
22:26:05	0.0	4.075	0.0	34.16	0.0	2.822	0.052	35.014
22:26:20	0.0	4.075	0.0	34.149	0.0	2.822	0.052	35.013
22:26:36	0.0	4.075	0.0	34.145	0.0	2.822	0.052	35.03
22:26:51	0.0	4.075	0.0	34.145	0.0	2.822	0.052	35.042
22:27:07	0.0	4.075	0.0	34.162	0.0	2.822	0.052	35.027
22:27:23	0.0	4.075	0.0	34.143	0.0	2.822	0.052	35.045
22:27:38	0.0	4.075	0.0	34.195	0.0	2.822	0.052	35.066
22:27:54	0.0	4.075	0.0	34.171	0.0	2.822	0.052	35.053
22:28:10	0.0	4.075	0.0	34.172	0.0	2.822	0.052	35.053
22:28:26	0.0	4.075	0.0	34.165	0.0	2.822	0.052	35.075
22:28:41	0.0	4.075	0.0	34.182	0.0	2.822	0.052	35.064
22:28:57	0.0	4.075	0.0	34.191	0.0	2.822	0.052	35.054
22:29:12	0.0	4.075	0.0	34.173	0.0	2.822	0.052	35.066
22:29:28	0.0	4.075	0.0	34.195	0.0	2.822	0.052	35.083
22:29:44	0.0	4.075	0.0	34.225	0.0	2.822	0.052	35.085
22:29:59	0.0	4.075	0.0	34.206	0.0	2.822	0.052	35.096
22:30:16	0.0	4.075	0.0	34.236	0.0	2.822	0.052	35.082
22:30:31	0.0	4.075	0.0	34.235	0.0	2.822	0.052	35.093
22:30:47	0.0	4.075	0.0	34.237	0.0	2.822	0.052	35.08
22:31:02	0.0	4.075	0.0	34.256	0.0	2.822	0.052	35.113
22:31:19	0.0	4.075	0.0	34.245	0.0	2.822	0.052	35.115
22:31:35	0.0	4.075	0.0	34.256	0.0	2.822	0.052	35.123
22:31:51	0.0	4.075	0.0	34.266	0.0	2.822	0.052	35.104
22:32:06	0.0	4.075	0.0	34.281	0.0	2.822	0.052	35.113
22:32:22	0.0	4.075	0.0	34.265	0.0	2.822	0.052	35.133
22:32:38	0.0	4.075	0.0	34.274	0.0	2.822	0.052	35.128
22:32:54	0.0	4.075	0.0	34.294	0.0	2.822	0.052	35.145
22:33:10	0.0	4.075	0.0	34.292	0.0	2.822	0.052	35.147
22:33:26	0.0	4.075	0.0	34.308	0.0	2.822	0.052	35.138
22:33:42	0.0	4.075	0.0	34.314	0.0	2.822	0.052	35.127
22:33:57	0.0	4.075	0.0	34.303	0.0	2.822	0.052	35.156
22:34:13	0.0	4.075	0.0	34.302	0.0	2.822	0.052	35.141
22:34:29	0.0	4.075	0.0	34.338	0.0	2.822	0.052	35.139
22:34:44	0.0	4.075	0.0	34.317	0.0	2.822	0.052	35.15
22:35:00	0.0	4.075	0.0	34.326	0.0	2.822	0.052	35.157
22:35:15	0.0	4.075	0.0	34.352	0.0	2.822	0.052	35.18
22:35:31	0.0	4.075	0.0	34.362	0.0	2.822	0.052	35.178
22:35:47	0.0	4.075	0.0	34.397	0.0	2.822	0.052	35.191
22:36:03	0.0	4.075	0.0	34.388	0.0	2.822	0.052	35.176
22:36:19	0.0	4.075	0.0	34.372	0.0	2.822	0.052	35.161
22:36:34	0.0	4.075	0.0	34.383	0.0	2.822	0.052	35.184
22:36:50	0.0	4.075	0.0	34.391	0.0	2.822	0.052	35.181
22:37:06	0.0	4.075	0.0	34.398	0.0	2.822	0.052	35.188
22:37:22	0.0	4.075	0.0	34.415	0.0	2.822	0.052	35.197
22:37:38	0.0	4.075	0.0	34.404	0.0	2.822	0.052	35.213
22:37:54	0.0	4.075	0.0	34.387	0.0	2.822	0.052	35.214
22:38:09	0.0	4.075	0.0	34.396	0.0	2.822	0.052	35.192
22:38:25	0.0	4.075	0.0	34.413	0.0	2.822	0.052	35.222
22:38:40	0.0	4.075	0.0	34.414	0.0	2.822	0.052	35.22
22:38:56	0.0	4.075	0.0	34.402	0.0	2.822	0.052	35.23
22:39:12	0.0	4.075	0.0	34.415	0.0	2.822	0.052	35.244
22:39:27	0.0	4.075	0.0	34.45	0.0	2.822	0.052	35.229
22:39:43	0.0	4.075	0.0	34.454	0.0	2.822	0.052	35.25
22:39:59	0.0	4.075	0.0	34.424	0.0	2.822	0.052	35.231
22:40:15	0.0	4.075	0.0	34.42	0.0	2.822	0.052	35.273
22:40:30	0.0	4.075	0.0	34.425	0.0	2.822	0.052	35.285
22:40:45	0.0	4.075	0.0	34.449	0.0	2.822	0.052	35.28
22:41:01	0.0	4.075	0.0	34.457	0.0	2.822	0.052	35.255
22:41:17	0.0	4.075	0.0	34.451	0.0	2.822	0.052	35.261
22:41:32	0.0	4.075	0.0	34.45	0.0	2.822	0.052	35.267
22:41:49	0.0	4.075	0.0	34.461	0.0	2.822	0.052	35.286
22:42:04	0.0	4.075	0.0	34.459	0.0	2.822	0.052	35.29
22:42:20	0.0	4.075	0.0	34.467	0.0	2.822	0.052	35.3
22:42:35	0.0	4.075	0.0	34.458	0.0	2.822	0.052	35.304
22:42:51	0.0	4.075	0.0	34.493	0.0	2.822	0.052	35.303
22:43:07	0.0	4.075	0.0	34.477	0.0	2.822	0.052	35.302
22:43:22	0.0	4.075	0.0	34.477	0.0	2.822	0.052	35.296
22:43:38	0.0	4.075	0.0	34.47	0.0	2.822	0.052	35.302
22:43:53	0.0	4.075	0.0	34.489	0.0	2.822	0.052	35.309
22:44:09	0.0	4.075	0.0	34.488	0.0	2.822	0.052	35.314
22:44:25	0.0	4.075	0.0	34.508	0.0	2.822	0.052	35.308
22:44:40	0.0	4.075	0.0	34.465	0.0	2.822	0.052	35.325
22:44:56	0.0	4.075	0.0	34.473	0.0	2.822	0.052	35.348
22:45:12	0.0	4.075	0.0	34.48	0.0	2.822	0.052	35.332
22:45:27	0.0	4.075	0.0	34.516	0.0	2.822	0.052	35.343
22:45:43	0.0	4.075	0.0	34.496	0.0	2.822	0.052	35.375
22:45:59	0.0	4.075	0.0	34.495	0.0	2.822	0.052	35.387
22:46:14	0.0	4.075	0.0	34.503	0.0	2.822	0.052	35.384
22:46:30	0.0	4.075	0.0	34.516	0.0	2.822	0.052	35.393
22:46:46	0.0	4.075	0.0	34.498	0.0	2.822	0.052	35.39
22:47:02	0.0	4.075	0.0	34.507	0.0	2.822	0.052	35.387
22:47:17	0.0	4.075	0.0	34.504	0.0	2.822	0.052	35.395
22:47:33	0.0	4.075	0.0	34.507	0.0	2.822	0.052	35.417
22:47:48	0.0	4.075	0.0	34.503	0.0	2.822	0.052	35.431
22:48:04	0.0	4.075	0.0	34.502	0.0	2.822	0.052	35.435
22:48:20	0.0	4.075	0.0	34.508	0.0	2.822	0.052	35.444
22:48:36	0.0	4.075	0.0	34.528	0.0	2.822	0.052	35.448
22:48:51	0.0	4.075	0.0	34.534	0.0	2.822	0.052	35.456
22:49:07	0.0	4.075	0.0	34.498	0.0	2.822	0.052	35.454
22:49:23	0.0	4.075	0.0	34.511	0.0	2.822	0.052	35.489
22:49:38	0.0	4.075	0.0	34.525	0.0	2.822	0.052	35.484
22:49:54	0.0	4.075	0.0	34.513	0.0	2.822	0.052	35.492
22:50:10	0.0	4.075	0.0	34.518	0.0	2.822	0.052	35.515
22:50:25	0.0	4.075	0.0	34.533	0.0	2.822	0.052	35.517
22:50:41	0.0	4.075	0.0	34.518	0.0	2.822	0.052	35.513
22:50:56	0.0	4.075	0.0	34.532	0.0	2.822	0.052	35.503
22:51:12	0.0	4.075	0.0	34.512	0.0	2.822	0.052	35.54
22:51:28	0.0	4.075	0.0	34.524	0.0	2.822	0.052	35.571
22:51:44	0.0	4.075	0.0	34.542	0.0	2.822	0.052	35.546
22:52:00	0.0	4.075	0.0	34.53	0.0	2.822	0.052	35.573
22:52:16	0.0	4.075	0.0	34.537	0.0	2.822	0.052	35.559
22:52:32	0.0	4.075	0.0	34.562	0.0	2.822	0.052	35.593
22:52:47	0.0	4.075	0.0	34.546	0.0	2.822	0.052	35.593
22:53:04	0.0	4.075	0.0	34.552	0.0	2.822	0.052	35.596
22:53:19	0.0	4.075	0.0	34.528	0.0	2.822	0.052	35.575
22:53:35	0.0	4.075	0.0	34.541	0.0	2.822	0.052	35.605
22:53:51	0.0	4.075	0.0	34.525	0.0	2.822	0.052	35.619
22:54:06	0.0	4.075	0.0	34.547	0.0	2.822	0.052	35.612
22:54:22	0.0	4.075	0.0	34.53	0.0	2.822	0.052	35.614
22:54:37	0.0	4.075	0.0	34.541	0.0	2.822	0.052	35.66
22:54:53	0.0	4.075	0.0	34.571	0.0	2.822	0.052	35.638
22:55:09	0.0	4.075	0.0	34.551	0.0	2.822	0.052	35.652
22:55:25	0.0	4.075	0.0	34.538	0.0	2.822	0.052	35.647
22:55:41	0.0	4.075	0.0	34.537	0.0	2.822	0.052	35.664
22:55:56	0.0	4.075	0.0	34.54	0.0	2.822	0.052	35.654
22:56:12	0.0	4.075	0.0	34.573	0.0	2.822	0.052	35.647
22:56:28	0.0	4.075	0.0	34.562	0.0	2.822	0.052	35.675
22:56:44	0.0	4.075	0.0	34.558	0.0	2.822	0.052	35.686
22:57:00	0.0	4.075	0.0	34.568	0.0	2.822	0.052	35.682
22:57:15	0.0	4.075	0.0	34.559	0.0	2.822	0.052	35.683
22:57:31	0.0	4.075	0.0	34.566	0.0	2.822	0.052	35.675
22:57:47	0.0	4.075	0.0	34.552	0.0	2.822	0.052	35.693
22:58:02	0.0	4.075	0.0	34.577	0.0	2.822	0.052	35.68
22:58:18	0.0	4.075	0.0	34.574	0.0	2.822	0.052	35.707
22:58:34	0.0	4.075	0.0	34.558	0.0	2.822	0.052	35.695
22:58:50	0.0	4.075	0.0	34.57	0.0	2.822	0.052	35.693
22:59:05	0.0	4.075	0.0	34.576	0.0	2.822	0.052	35.683
22:59:21	0.0	4.075	0.0	34.594	0.0	2.822	0.052	35.69
22:59:37	0.0	4.075	0.0	34.584	0.0	2.822	0.052	35.688
22:59:52	0.0	4.075	0.0	34.591	0.0	2.822	0.052	35.702
23:00:08	0.0	4.075	0.0	34.6	0.0	2.822	0.052	35.69
23:00:23	0.0	4.075	0.0	34.617	0.0	2.822	0.052	35.695
23:00:39	0.0	4.075	0.0	34.598	0.0	2.822	0.052	35.704
23:00:54	0.0	4.075	0.0	34.588	0.0	2.822	0.052	35.712
23:01:10	0.0	4.075	0.0	34.628	0.0	2.822	0.052	35.707
23:01:26	0.0	4.075	0.0	34.611	0.0	2.822	0.052	35.699
23:01:41	0.0	4.075	0.0	34.614	0.0	2.822	0.052	35.706
23:01:57	0.0	4.075	0.0	34.609	0.0	2.822	0.052	35.715
23:02:13	0.0	4.075	0.0	34.619	0.0	2.822	0.052	35.707
23:02:28	0.0	4.075	0.0	34.601	0.0	2.822	0.052	35.71
23:02:44	0.0	4.075	0.0	34.629	0.0	2.822	0.052	35.717
23:02:59	0.0	4.075	0.0	34.631	0.0	2.822	0.052	35.726
23:03:15	0.0	4.075	0.0	34.61	0.0	2.822	0.052	35.71
23:03:31	0.0	4.075	0.0	34.636	0.0	2.822	0.052	35.701
23:03:47	0.0	4.075	0.0	34.621	0.0	2.822	0.052	35.715
23:04:03	0.0	4.075	0.0	34.636	0.0	2.822	0.052	35.72
23:04:18	0.0	4.075	0.0	34.62	0.0	2.822	0.052	35.723
23:04:34	0.0	4.075	0.0	34.647	0.0	2.822	0.052	35.712
23:04:50	0.0	4.075	0.0	34.68	0.0	2.822	0.052	35.708
23:05:05	0.0	4.075	0.0	34.66	0.0	2.822	0.052	35.71
23:05:21	0.0	4.075	0.0	34.675	0.0	2.822	0.052	35.717
23:05:37	0.0	4.075	0.0	34.661	0.0	2.822	0.052	35.722
23:05:52	0.0	4.075	0.0	34.666	0.0	2.822	0.052	35.725
23:06:08	0.0	4.075	0.0	34.665	0.0	2.822	0.052	35.729
23:06:23	0.0	4.075	0.0	34.65	0.0	2.822	0.052	35.733
23:06:39	0.0	4.075	0.0	34.683	0.0	2.822	0.052	35.739
23:06:55	0.0	4.075	0.0	34.677	0.0	2.822	0.052	35.748
23:07:11	0.0	4.075	0.0	34.666	0.0	2.822	0.052	35.719
23:07:26	0.0	4.075	0.0	34.678	0.0	2.822	0.052	35.738
23:07:42	0.0	4.075	0.0	34.68	0.0	2.822	0.052	35.746
23:07:58	0.0	4.075	0.0	34.696	0.0	2.822	0.052	35.747
23:08:14	0.0	4.075	0.0	34.704	0.0	2.822	0.052	35.764
23:08:29	0.0	4.075	0.0	34.683	0.0	2.822	0.052	35.765
23:08:45	0.0	4.075	0.0	34.683	0.0	2.822	0.052	35.765
23:09:01	0.0	4.075	0.0	34.666	0.0	2.822	0.052	35.762
23:09:16	0.0	4.075	0.0	34.672	0.0	2.822	0.052	35.778
23:09:32	0.0	4.075	0.0	34.684	0.0	2.822	0.052	35.768
23:09:48	0.0	4.075	0.0	34.701	0.0	2.822	0.052	35.763
23:10:04	0.0	4.075	0.0	34.682	0.0	2.822	0.052	35.754
23:10:19	0.0	4.075	0.0	34.674	0.0	2.822	0.052	35.75
23:10:35	0.0	4.075	0.0	34.7	0.0	2.822	0.052	35.774
23:10:51	0.0	4.075	0.0	34.681	0.0	2.822	0.052	35.777
23:11:07	0.0	4.075	0.0	34.686	0.0	2.822	0.052	35.777
23:11:23	0.0	4.075	0.0	34.712	0.0	2.822	0.052	35.783
23:11:38	0.0	4.075	0.0	34.69	0.0	2.822	0.052	35.792
23:11:54	0.0	4.075	0.0	34.721	0.0	2.822	0.052	35.779
23:12:10	0.0	4.075	0.0	34.714	0.0	2.822	0.052	35.805
23:12:26	0.0	4.075	0.0	34.686	0.0	2.822	0.052	35.801
23:12:42	0.0	4.075	0.0	34.683	0.0	2.822	0.052	35.809
23:12:58	0.0	4.075	0.0	34.695	0.0	2.822	0.052	35.792
23:13:14	0.0	4.075	0.0	34.712	0.0	2.822	0.052	35.805
23:13:30	0.0	4.075	0.0	34.699	0.0	2.822	0.052	35.782
23:13:45	0.0	4.075	0.0	34.713	0.0	2.822	0.052	35.81
23:14:01	0.0	4.075	0.0	34.713	0.0	2.822	0.052	35.811
23:14:17	0.0	4.075	0.0	34.702	0.0	2.822	0.052	35.797
23:14:33	0.0	4.075	0.0	34.729	0.0	2.822	0.052	35.787
23:14:48	0.0	4.075	0.0	34.706	0.0	2.822	0.052	35.798
23:15:04	0.0	4.075	0.0	34.722	0.0	2.822	0.052	35.805
23:15:20	0.0	4.075	0.0	34.713	0.0	2.822	0.052	35.81
23:15:36	0.0	4.075	0.0	34.73	0.0	2.822	0.052	35.783
23:15:52	0.0	4.075	0.0	34.714	0.0	2.822	0.052	35.81
23:16:07	0.0	4.075	0.0	34.723	0.0	2.822	0.052	35.805
23:16:23	0.0	4.075	0.0	34.699	0.0	2.822	0.052	35.816
23:16:39	0.0	4.075	0.0	34.715	0.0	2.822	0.052	35.813
23:16:54	0.0	4.075	0.0	34.72	0.0	2.822	0.052	35.829
23:17:10	0.0	4.075	0.0	34.732	0.0	2.822	0.052	35.801
23:17:26	0.0	4.075	0.0	34.717	0.0	2.822	0.052	35.825
23:17:42	0.0	4.075	0.0	34.717	0.0	2.822	0.052	35.796
23:17:58	0.0	4.075	0.0	34.727	0.0	2.822	0.052	35.81
23:18:13	0.0	4.075	0.0	34.716	0.0	2.822	0.052	35.807
23:18:29	0.0	4.075	0.0	34.725	0.0	2.822	0.052	35.839
23:18:45	0.0	4.075	0.0	34.729	0.0	2.822	0.052	35.794
23:19:00	0.0	4.075	0.0	34.718	0.0	2.822	0.052	35.788
23:19:16	0.0	4.075	0.0	34.723	0.0	2.822	0.052	35.832
23:19:31	0.0	4.075	0.0	34.735	0.0	2.822	0.052	35.807
23:19:47	0.0	4.075	0.0	34.722	0.0	2.822	0.052	35.808
23:20:03	0.0	4.075	0.0	34.725	0.0	2.822	0.052	35.805
23:20:19	0.0	4.075	0.0	34.733	0.0	2.822	0.052	35.779
23:20:35	0.0	4.075	0.0	34.734	0.0	2.822	0.052	35.807
23:20:51	0.0	4.075	0.0	34.728	0.0	2.822	0.052	35.805
23:21:06	0.0	4.075	0.0	34.71	0.0	2.822	0.052	35.826
23:21:21	0.0	4.075	0.0	34.7	0.0	2.822	0.052	35.801
23:21:37	0.0	4.075	0.0	34.742	0.0	2.822	0.052	35.798
23:21:53	0.0	4.075	0.0	34.701	0.0	2.822	0.052	35.813
23:22:09	0.0	4.075	0.0	34.719	0.0	2.822	0.052	35.79
23:22:24	0.0	4.075	0.0	34.725	0.0	2.822	0.052	35.806
23:22:40	0.0	4.075	0.0	34.731	0.0	2.822	0.052	35.81
23:22:55	0.0	4.075	0.0	34.729	0.0	2.822	0.052	35.8
23:23:11	0.0	4.075	0.0	34.711	0.0	2.822	0.052	35.802
23:23:27	0.0	4.075	0.0	34.735	0.0	2.822	0.052	35.813
23:23:43	0.0	4.075	0.0	34.71	0.0	2.822	0.052	35.821
23:23:59	0.0	4.075	0.0	34.724	0.0	2.822	0.052	35.803
23:24:15	0.0	4.075	0.0	34.722	0.0	2.822	0.052	35.818
23:24:30	0.0	4.075	0.0	34.733	0.0	2.822	0.052	35.801
23:24:46	0.0	4.075	0.0	34.719	0.0	2.822	0.052	35.814
23:25:02	0.0	4.075	0.0	34.714	0.0	2.822	0.052	35.824
23:25:18	0.0	4.075	0.0	34.725	0.0	2.822	0.052	35.803
23:25:33	0.0	4.075	0.0	34.744	0.0	2.822	0.052	35.801
23:25:49	0.0	4.075	0.0	34.728	0.0	2.822	0.052	35.799
23:26:04	0.0	4.075	0.0	34.737	0.0	2.822	0.052	35.803
23:26:20	0.0	4.075	0.0	34.754	0.0	2.822	0.052	35.838
23:26:36	0.0	4.075	0.0	34.731	0.0	2.822	0.052	35.797
23:26:52	0.0	4.075	0.0	34.721	0.0	2.822	0.052	35.811
23:27:08	0.0	4.075	0.0	34.718	0.0	2.822	0.052	35.828
23:27:23	0.0	4.075	0.0	34.748	0.0	2.822	0.052	35.819
23:27:39	0.0	4.075	0.0	34.733	0.0	2.822	0.052	35.809
23:27:54	0.0	4.075	0.0	34.702	0.0	2.822	0.052	35.82
23:28:10	0.0	4.075	0.0	34.72	0.0	2.822	0.052	35.807
23:28:26	0.0	4.075	0.0	34.723	0.0	2.822	0.052	35.803
23:28:41	0.0	4.075	0.0	34.728	0.0	2.822	0.052	35.823
23:28:57	0.0	4.075	0.0	34.737	0.0	2.822	0.052	35.828
23:29:13	0.0	4.075	0.0	34.73	0.0	2.822	0.052	35.829
23:29:29	0.0	4.075	0.0	34.728	0.0	2.822	0.052	35.821
23:29:45	0.0	4.075	0.0	34.729	0.0	2.822	0.052	35.831
23:30:01	0.0	4.075	0.0	34.744	0.0	2.822	0.052	35.833
23:30:16	0.0	4.075	0.0	34.73	0.0	2.822	0.052	35.809
23:30:32	0.0	4.075	0.0	34.741	0.0	2.822	0.052	35.825
23:30:48	0.0	4.075	0.0	34.708	0.0	2.822	0.052	35.819
23:31:03	0.0	4.075	0.0	34.735	0.0	2.822	0.052	35.823
23:31:19	0.0	4.075	0.0	34.716	0.0	2.822	0.052	35.82
23:31:35	0.0	4.075	0.0	34.713	0.0	2.822	0.052	35.813
23:31:51	0.0	4.075	0.0	34.713	0.0	2.822	0.052	35.819
23:32:06	0.0	4.075	0.0	34.72	0.0	2.822	0.052	35.831
23:32:22	0.0	4.075	0.0	34.754	0.0	2.822	0.052	35.822
23:32:38	0.0	4.075	0.0	34.735	0.0	2.822	0.052	35.834
23:32:54	0.0	4.075	0.0	34.726	0.0	2.822	0.052	35.838
23:33:09	0.0	4.075	0.0	34.73	0.0	2.822	0.052	35.83
23:33:25	0.0	4.075	0.0	34.726	0.0	2.822	0.052	35.815
23:33:41	0.0	4.075	0.0	34.743	0.0	2.822	0.052	35.85
23:33:57	0.0	4.075	0.0	34.739	0.0	2.822	0.052	35.837
23:34:12	0.0	4.075	0.0	34.744	0.0	2.822	0.052	35.818
23:34:28	0.0	4.075	0.0	34.736	0.0	2.822	0.052	35.829
23:34:44	0.0	4.075	0.0	34.727	0.0	2.822	0.052	35.824
23:35:00	0.0	4.075	0.0	34.726	0.0	2.822	0.052	35.843
23:35:16	0.0	4.075	0.0	34.731	0.0	2.822	0.052	35.826
23:35:32	0.0	4.075	0.0	34.735	0.0	2.822	0.052	35.827
23:35:47	0.0	4.075	0.0	34.735	0.0	2.822	0.052	35.85
23:36:03	0.0	4.075	0.0	34.731	0.0	2.822	0.052	35.829
23:36:19	0.0	4.075	0.0	34.734	0.0	2.822	0.052	35.84
23:36:35	0.0	4.075	0.0	34.751	0.0	2.822	0.052	35.84
23:36:51	0.0	4.075	0.0	34.742	0.0	2.822	0.052	35.837
23:37:06	0.0	4.075	0.0	34.739	0.0	2.822	0.052	35.846
23:37:22	0.0	4.075	0.0	34.756	0.0	2.822	0.052	35.824
23:37:37	0.0	4.075	0.0	34.767	0.0	2.822	0.052	35.828
23:37:53	0.0	4.075	0.0	34.73	0.0	2.822	0.052	35.851
23:38:09	0.0	4.075	0.0	34.73	0.0	2.822	0.052	35.847
23:38:24	0.0	4.075	0.0	34.739	0.0	2.822	0.052	35.842
23:38:40	0.0	4.075	0.0	34.737	0.0	2.822	0.052	35.837
23:38:56	0.0	4.075	0.0	34.755	0.0	2.822	0.052	35.847
23:39:11	0.0	4.075	0.0	34.731	0.0	2.822	0.052	35.869
23:39:27	0.0	4.075	0.0	34.747	0.0	2.822	0.052	35.849
23:39:43	0.0	4.075	0.0	34.746	0.0	2.822	0.052	35.847
23:39:58	0.0	4.075	0.0	34.75	0.0	2.822	0.052	35.854
23:40:14	0.0	4.075	0.0	34.745	0.0	2.822	0.052	35.857
23:40:30	0.0	4.075	0.0	34.755	0.0	2.822	0.052	35.843
23:40:46	0.0	4.075	0.0	34.747	0.0	2.822	0.052	35.844
23:41:02	0.0	4.075	0.0	34.746	0.0	2.822	0.052	35.822
23:41:17	0.0	4.075	0.0	34.757	0.0	2.822	0.052	35.854
23:41:33	0.0	4.075	0.0	34.734	0.0	2.822	0.052	35.838
23:41:50	0.0	4.075	0.0	34.772	0.0	2.822	0.052	35.858
23:42:05	0.0	4.075	0.0	34.764	0.0	2.822	0.052	35.858
23:42:21	0.0	4.075	0.0	34.745	0.0	2.822	0.052	35.851
23:42:37	0.0	4.075	0.0	34.747	0.0	2.822	0.052	35.829
23:42:52	0.0	4.075	0.0	34.759	0.0	2.822	0.052	35.851
23:43:08	0.0	4.075	0.0	34.747	0.0	2.822	0.052	35.84
23:43:23	0.0	4.075	0.0	34.747	0.0	2.822	0.052	35.855
23:43:39	0.0	4.075	0.0	34.749	0.0	2.822	0.052	35.858
23:43:55	0.0	4.075	0.0	34.766	0.0	2.822	0.052	35.847
23:44:11	0.0	4.075	0.0	34.733	0.0	2.822	0.052	35.833
23:44:27	0.0	4.075	0.0	34.751	0.0	2.822	0.052	35.861
23:44:43	0.0	4.075	0.0	34.752	0.0	2.822	0.052	35.847
23:44:58	0.0	4.075	0.0	34.756	0.0	2.822	0.052	35.827
23:45:14	0.0	4.075	0.0	34.74	0.0	2.822	0.052	35.849
23:45:30	0.0	4.075	0.0	34.736	0.0	2.822	0.052	35.85
23:45:46	0.0	4.075	0.0	34.772	0.0	2.822	0.052	35.846
23:46:01	0.0	4.075	0.0	34.751	0.0	2.822	0.052	35.864
23:46:17	0.0	4.075	0.0	34.749	0.0	2.822	0.052	35.86
23:46:33	0.0	4.075	0.0	34.779	0.0	2.822	0.052	35.819
23:46:48	0.0	4.075	0.0	34.733	0.0	2.822	0.052	35.854
23:47:04	0.0	4.075	0.0	34.74	0.0	2.822	0.052	35.856
23:47:19	0.0	4.075	0.0	34.755	0.0	2.822	0.052	35.845
23:47:35	0.0	4.075	0.0	34.75	0.0	2.822	0.052	35.843
23:47:51	0.0	4.075	0.0	34.76	0.0	2.822	0.052	35.854
23:48:07	0.0	4.075	0.0	34.772	0.0	2.822	0.052	35.846
23:48:22	0.0	4.075	0.0	34.758	0.0	2.822	0.052	35.849
23:48:38	0.0	4.075	0.0	34.743	0.0	2.822	0.052	35.828
23:48:53	0.0	4.075	0.0	34.745	0.0	2.822	0.052	35.84
23:49:09	0.0	4.075	0.0	34.782	0.0	2.822	0.052	35.86
23:49:25	0.0	4.075	0.0	34.786	0.0	2.822	0.052	35.849
23:49:41	0.0	4.075	0.0	34.752	0.0	2.822	0.052	35.836
23:49:57	0.0	4.075	0.0	34.765	0.0	2.822	0.052	35.825
23:50:13	0.0	4.075	0.0	34.753	0.0	2.822	0.052	35.816
23:50:28	0.0	4.075	0.0	34.764	0.0	2.822	0.052	35.839
23:50:44	0.0	4.075	0.0	34.762	0.0	2.822	0.052	35.839
23:51:00	0.0	4.075	0.0	34.778	0.0	2.822	0.052	35.839
23:51:15	0.0	4.075	0.0	34.774	0.0	2.822	0.052	35.856
23:51:31	0.0	4.075	0.0	34.763	0.0	2.822	0.052	35.85
23:51:47	0.0	4.075	0.0	34.759	0.0	2.822	0.052	35.838
23:52:03	0.0	4.075	0.0	34.777	0.0	2.822	0.052	35.864
23:52:18	0.0	4.075	0.0	34.753	0.0	2.822	0.052	35.829
23:52:34	0.0	4.075	0.0	34.759	0.0	2.822	0.052	35.864
23:52:50	0.0	4.075	0.0	34.777	0.0	2.822	0.052	35.838
23:53:06	0.0	4.075	0.0	34.763	0.0	2.822	0.052	35.848
23:53:22	0.0	4.075	0.0	34.752	0.0	2.822	0.052	35.848
23:53:37	0.0	4.075	0.0	34.753	0.0	2.822	0.052	35.857
23:53:53	0.0	4.075	0.0	34.769	0.0	2.822	0.052	35.851
23:54:08	0.0	4.075	0.0	34.768	0.0	2.822	0.052	35.841
23:54:24	0.0	4.075	0.0	34.774	0.0	2.822	0.052	35.842
23:54:40	0.0	4.075	0.0	34.754	0.0	2.822	0.052	35.86
23:54:56	0.0	4.075	0.0	34.757	0.0	2.822	0.052	35.85
23:55:11	0.0	4.075	0.0	34.761	0.0	2.822	0.052	35.857
23:55:27	0.0	4.075	0.0	34.786	0.0	2.822	0.052	35.861
23:55:44	0.0	4.075	0.0	34.771	0.0	2.822	0.052	35.846
23:56:00	0.0	4.075	0.0	34.757	0.0	2.822	0.052	35.849
23:56:16	0.0	4.075	0.0	34.779	0.0	2.822	0.052	35.822
23:56:32	0.0	4.075	0.0	34.763	0.0	2.822	0.052	35.822
23:56:47	0.0	4.075	0.0	34.749	0.0	2.822	0.052	35.806
23:57:03	0.0	4.075	0.0	34.769	0.0	2.822	0.052	35.819
23:57:18	0.0	4.075	0.0	34.753	0.0	2.822	0.052	35.811
23:57:34	0.0	4.075	0.0	34.781	0.0	2.822	0.052	35.822
23:57:50	0.0	4.075	0.0	34.766	0.0	2.822	0.052	35.792
23:58:05	0.0	4.075	0.0	34.777	0.0	2.822	0.052	35.806
23:58:21	0.0	4.075	0.0	34.738	0.0	2.822	0.052	35.8
23:58:36	0.0	4.075	0.0	34.765	0.0	2.822	0.052	35.803
23:58:52	0.0	4.075	0.0	34.753	0.0	2.822	0.052	35.799
23:59:08	0.0	4.075	0.0	34.766	0.0	2.822	0.052	35.79
23:59:24	0.0	4.075	0.0	34.767	0.0	2.822	0.052	35.793
23:59:39	0.0	4.075	0.0	34.774	0.0	2.822	0.052	35.8
23:59:55	0.0	4.075	0.0	34.751	0.0	2.822	0.052	35.77
